id,place,receive_time,sensor_num,in1,out1,state1,in2,out2,state2
0,0001,2021-02-12 21:00:00.592,2,77319,71733,0,71983,76892,0
1,0001,2021-02-12 21:00:01.607,2,77319,71733,0,71983,76892,0
2,0001,2021-02-12 21:00:02.623,2,77319,71733,0,71983,76892,0
3,0001,2021-02-12 21:00:03.638,2,77319,71733,1,71983,76892,1
4,0001,2021-02-12 21:00:04.654,2,77319,71733,1,71983,76892,1
5,0001,2021-02-12 21:00:05.669,2,77319,71733,1,71983,76892,1
6,0001,2021-02-12 21:00:06.671,2,77319,71733,1,71983,76892,1
7,0001,2021-02-12 21:00:07.686,2,77319,71733,1,71983,76892,1
8,0001,2021-02-12 21:00:08.701,2,77319,71733,1,71983,76892,1
9,0001,2021-02-12 21:00:09.717,2,77319,71733,1,71983,76892,1
10,0001,2021-02-12 21:00:10.732,2,77319,71733,1,71983,76892,1
11,0001,2021-02-12 21:00:11.747,2,77319,71733,1,71983,76892,1
12,0001,2021-02-12 21:00:12.763,2,77319,71733,1,71983,76892,1
13,0001,2021-02-12 21:00:13.778,2,77319,71733,1,71983,76892,1
14,0001,2021-02-12 21:00:14.793,2,77319,71734,2,71984,76892,2
15,0001,2021-02-12 21:00:15.809,2,77319,71734,2,71984,76892,2
16,0001,2021-02-12 21:00:16.824,2,77319,71734,2,71984,76892,2
17,0001,2021-02-12 21:00:17.84,2,77319,71734,2,71984,76892,2
18,0001,2021-02-12 21:00:18.855,2,77319,71734,2,71984,76892,2
19,0001,2021-02-12 21:00:19.87,2,77319,71734,2,71984,76892,2
20,0001,2021-02-12 21:00:20.887,2,77319,71734,2,71984,76892,2
21,0001,2021-02-12 21:00:21.903,2,77319,71734,2,71984,76892,2
22,0001,2021-02-12 21:00:22.918,2,77319,71734,2,71984,76892,2
23,0001,2021-02-12 21:00:23.934,2,77319,71734,2,71984,76892,2
24,0001,2021-02-12 21:00:24.949,2,77319,71736,0,71986,76892,0
25,0001,2021-02-12 21:00:25.964,2,77319,71736,0,71986,76892,0
26,0001,2021-02-12 21:00:26.98,2,77319,71736,0,71986,76892,0
27,0001,2021-02-12 21:00:27.995,2,77319,71736,0,71986,76892,0
28,0001,2021-02-12 21:00:29.01,2,77319,71736,0,71986,76892,0
29,0001,2021-02-12 21:00:30.026,2,77319,71736,0,71986,76892,0
30,0001,2021-02-12 21:00:31.041,2,77319,71736,0,71986,76892,0
31,0001,2021-02-12 21:00:32.057,2,77319,71736,0,71986,76892,0
32,0001,2021-02-12 21:00:33.072,2,77319,71736,0,71986,76892,0
33,0001,2021-02-12 21:00:34.088,2,77319,71736,0,71986,76892,0
34,0001,2021-02-12 21:00:35.103,2,77319,71736,0,71986,76892,0
35,0001,2021-02-12 21:00:36.104,2,77319,71736,0,71986,76892,0
36,0001,2021-02-12 21:00:37.12,2,77319,71736,0,71986,76892,0
37,0001,2021-02-12 21:00:38.135,2,77319,71736,0,71986,76892,0
38,0001,2021-02-12 21:00:39.15,2,77319,71736,0,71986,76892,0
39,0001,2021-02-12 21:00:40.166,2,77319,71736,0,71986,76892,0
40,0001,2021-02-12 21:00:41.181,2,77319,71736,0,71986,76892,0
41,0001,2021-02-12 21:00:45.243,2,77319,71736,0,71986,76892,0
42,0001,2021-02-12 21:00:46.258,2,77319,71736,0,71986,76892,0
43,0001,2021-02-12 21:00:47.273,2,77319,71736,0,71986,76892,0
44,0001,2021-02-12 21:00:48.289,2,77319,71736,0,71986,76892,0
45,0001,2021-02-12 21:00:49.304,2,77319,71736,0,71986,76892,0
46,0001,2021-02-12 21:00:50.32,2,77319,71736,0,71986,76892,0
47,0001,2021-02-12 21:00:51.321,2,77319,71736,0,71986,76892,0
48,0001,2021-02-12 21:00:52.336,2,77319,71736,0,71986,76892,0
49,0001,2021-02-12 21:00:53.352,2,77319,71736,0,71986,76892,0
50,0001,2021-02-12 21:00:54.367,2,77319,71736,0,71986,76892,0
51,0001,2021-02-12 21:00:55.382,2,77319,71736,0,71986,76892,0
52,0001,2021-02-12 21:00:56.398,2,77319,71736,0,71986,76892,0
53,0001,2021-02-12 21:00:57.413,2,77319,71736,1,71986,76892,1
54,0001,2021-02-12 21:00:58.429,2,77319,71736,1,71986,76892,1
55,0001,2021-02-12 21:00:59.444,2,77319,71736,1,71986,76892,1
56,0001,2021-02-12 21:01:00.459,2,77319,71736,1,71986,76892,1
57,0001,2021-02-12 21:01:01.475,2,77319,71736,1,71986,76892,1
58,0001,2021-02-12 21:01:02.49,2,77319,71736,1,71986,76892,1
59,0001,2021-02-12 21:01:03.506,2,77319,71736,1,71986,76892,1
60,0001,2021-02-12 21:01:04.521,2,77319,71736,1,71986,76892,1
61,0001,2021-02-12 21:01:05.536,2,77319,71736,1,71986,76892,1
62,0001,2021-02-12 21:01:06.538,2,77319,71736,1,71986,76892,1
63,0001,2021-02-12 21:01:07.553,2,77319,71737,0,71987,76892,0
64,0001,2021-02-12 21:01:08.568,2,77319,71737,0,71987,76892,0
65,0001,2021-02-12 21:01:09.584,2,77319,71737,0,71987,76892,0
66,0001,2021-02-12 21:01:10.599,2,77319,71737,0,71987,76892,0
67,0001,2021-02-12 21:01:11.615,2,77319,71737,0,71987,76892,0
68,0001,2021-02-12 21:01:12.63,2,77319,71737,0,71987,76892,0
69,0001,2021-02-12 21:01:13.645,2,77319,71737,0,71987,76892,0
70,0001,2021-02-12 21:01:14.661,2,77319,71737,0,71987,76892,0
71,0001,2021-02-12 21:01:15.676,2,77319,71737,0,71987,76892,0
72,0001,2021-02-12 21:01:16.692,2,77319,71737,0,71987,76892,0
73,0001,2021-02-12 21:01:17.707,2,77319,71737,0,71987,76892,0
74,0001,2021-02-12 21:01:18.722,2,77319,71737,0,71987,76892,0
75,0001,2021-02-12 21:01:19.738,2,77319,71737,0,71987,76892,0
76,0001,2021-02-12 21:01:20.753,2,77319,71737,1,71987,76892,1
77,0001,2021-02-12 21:01:21.754,2,77319,71737,1,71987,76892,1
78,0001,2021-02-12 21:01:22.77,2,77319,71737,2,71987,76892,2
79,0001,2021-02-12 21:01:23.785,2,77319,71737,3,71987,76892,3
80,0001,2021-02-12 21:01:24.801,2,77319,71737,3,71987,76892,3
81,0001,2021-02-12 21:01:25.816,2,77319,71737,3,71987,76892,3
82,0001,2021-02-12 21:01:26.831,2,77319,71737,3,71987,76892,3
83,0001,2021-02-12 21:01:27.847,2,77319,71737,3,71987,76892,3
84,0001,2021-02-12 21:01:28.862,2,77319,71737,3,71987,76892,3
85,0001,2021-02-12 21:01:29.877,2,77319,71738,2,71988,76892,2
86,0001,2021-02-12 21:01:30.893,2,77319,71738,2,71988,76892,2
87,0001,2021-02-12 21:01:31.908,2,77319,71738,2,71988,76892,2
88,0001,2021-02-12 21:01:32.923,2,77320,71738,1,71988,76893,1
89,0001,2021-02-12 21:01:33.939,2,77320,71738,1,71988,76893,1
90,0001,2021-02-12 21:01:34.954,2,77320,71739,0,71989,76893,0
91,0001,2021-02-12 21:01:35.956,2,77320,71739,0,71989,76893,0
92,0001,2021-02-12 21:01:36.971,2,77320,71739,0,71989,76893,0
93,0001,2021-02-12 21:01:37.987,2,77320,71739,1,71989,76893,1
94,0001,2021-02-12 21:01:39.002,2,77320,71739,1,71989,76893,1
95,0001,2021-02-12 21:01:40.018,2,77320,71739,1,71989,76893,1
96,0001,2021-02-12 21:01:41.033,2,77320,71739,1,71989,76893,1
97,0001,2021-02-12 21:01:42.048,2,77320,71739,1,71989,76893,1
98,0001,2021-02-12 21:01:43.064,2,77320,71739,1,71989,76893,1
99,0001,2021-02-12 21:01:44.079,2,77320,71739,1,71989,76893,1
100,0001,2021-02-12 21:01:45.094,2,77320,71739,1,71989,76893,1
101,0001,2021-02-12 21:01:46.11,2,77320,71739,1,71989,76893,1
102,0001,2021-02-12 21:01:47.125,2,77320,71739,1,71989,76893,1
103,0001,2021-02-12 21:01:48.141,2,77320,71740,0,71990,76893,0
104,0001,2021-02-12 21:01:49.156,2,77320,71740,0,71990,76893,0
105,0001,2021-02-12 21:01:50.171,2,77320,71740,0,71990,76893,0
106,0001,2021-02-12 21:01:51.173,2,77320,71740,0,71990,76893,0
107,0001,2021-02-12 21:01:52.188,2,77320,71740,0,71990,76893,0
108,0001,2021-02-12 21:01:53.203,2,77320,71740,0,71990,76893,0
109,0001,2021-02-12 21:01:54.219,2,77320,71740,0,71990,76893,0
110,0001,2021-02-12 21:01:55.234,2,77320,71740,0,71990,76893,0
111,0001,2021-02-12 21:01:56.249,2,77320,71740,0,71990,76893,0
112,0001,2021-02-12 21:01:57.265,2,77320,71740,0,71990,76893,0
113,0001,2021-02-12 21:01:58.28,2,77320,71740,0,71990,76893,0
114,0001,2021-02-12 21:01:59.296,2,77320,71740,0,71990,76893,0
115,0001,2021-02-12 21:02:00.311,2,77320,71740,0,71990,76893,0
116,0001,2021-02-12 21:02:01.326,2,77320,71740,0,71990,76893,0
117,0001,2021-02-12 21:02:02.342,2,77320,71740,0,71990,76893,0
118,0001,2021-02-12 21:02:03.357,2,77320,71740,0,71990,76893,0
119,0001,2021-02-12 21:02:04.372,2,77320,71740,0,71990,76893,0
120,0001,2021-02-12 21:02:05.388,2,77320,71740,0,71990,76893,0
121,0001,2021-02-12 21:02:06.39,2,77320,71740,0,71990,76893,0
122,0001,2021-02-12 21:02:07.405,2,77320,71740,0,71990,76893,0
123,0001,2021-02-12 21:02:08.42,2,77320,71740,0,71990,76893,0
124,0001,2021-02-12 21:02:09.436,2,77320,71740,0,71990,76893,0
125,0001,2021-02-12 21:02:10.451,2,77320,71740,0,71990,76893,0
126,0001,2021-02-12 21:02:11.466,2,77320,71740,0,71990,76893,0
127,0001,2021-02-12 21:02:12.482,2,77320,71740,1,71990,76893,1
128,0001,2021-02-12 21:02:13.497,2,77320,71740,1,71990,76893,1
129,0001,2021-02-12 21:02:14.513,2,77320,71740,1,71990,76893,1
130,0001,2021-02-12 21:02:15.528,2,77320,71740,1,71990,76893,1
131,0001,2021-02-12 21:02:16.543,2,77320,71740,1,71990,76893,1
132,0001,2021-02-12 21:02:17.559,2,77320,71740,2,71990,76893,2
133,0001,2021-02-12 21:02:18.574,2,77320,71740,2,71990,76893,2
134,0001,2021-02-12 21:02:19.589,2,77320,71740,2,71990,76893,2
135,0001,2021-02-12 21:02:20.605,2,77320,71740,3,71990,76893,3
136,0001,2021-02-12 21:02:21.606,2,77320,71741,2,71991,76893,2
137,0001,2021-02-12 21:02:22.622,2,77320,71741,3,71991,76893,3
138,0001,2021-02-12 21:02:23.637,2,77320,71741,3,71991,76893,3
139,0001,2021-02-12 21:02:24.652,2,77320,71741,2,71991,76893,2
140,0001,2021-02-12 21:02:25.668,2,77320,71741,1,71991,76893,1
141,0001,2021-02-12 21:02:26.683,2,77320,71741,1,71991,76893,1
142,0001,2021-02-12 21:02:27.698,2,77320,71741,1,71991,76893,1
143,0001,2021-02-12 21:02:28.714,2,77321,71741,0,71991,76894,0
144,0001,2021-02-12 21:02:29.729,2,77321,71741,1,71991,76894,1
145,0001,2021-02-12 21:02:30.745,2,77321,71741,1,71991,76894,1
146,0001,2021-02-12 21:02:31.76,2,77321,71741,1,71991,76894,1
147,0001,2021-02-12 21:02:32.775,2,77321,71741,1,71991,76894,1
148,0001,2021-02-12 21:02:33.791,2,77321,71741,1,71991,76894,1
149,0001,2021-02-12 21:02:34.806,2,77321,71741,1,71991,76894,1
150,0001,2021-02-12 21:02:35.822,2,77321,71741,1,71991,76894,1
151,0001,2021-02-12 21:02:36.823,2,77321,71741,1,71991,76894,1
152,0001,2021-02-12 21:02:37.838,2,77321,71741,1,71991,76894,1
153,0001,2021-02-12 21:02:38.854,2,77321,71741,1,71991,76894,1
154,0001,2021-02-12 21:02:39.869,2,77321,71741,1,71991,76894,1
155,0001,2021-02-12 21:02:40.885,2,77321,71741,1,71991,76894,1
156,0001,2021-02-12 21:02:41.9,2,77321,71741,1,71991,76894,1
157,0001,2021-02-12 21:02:42.915,2,77321,71742,0,71992,76894,0
158,0001,2021-02-12 21:02:43.931,2,77321,71742,0,71992,76894,0
159,0001,2021-02-12 21:02:44.946,2,77321,71742,0,71992,76894,0
160,0001,2021-02-12 21:02:45.962,2,77321,71742,0,71992,76894,0
161,0001,2021-02-12 21:02:46.977,2,77321,71742,0,71992,76894,0
162,0001,2021-02-12 21:02:47.992,2,77321,71742,0,71992,76894,0
163,0001,2021-02-12 21:02:49.008,2,77321,71742,0,71992,76894,0
164,0001,2021-02-12 21:02:50.023,2,77321,71742,0,71992,76894,0
165,0001,2021-02-12 21:02:51.024,2,77321,71742,0,71992,76894,0
166,0001,2021-02-12 21:02:52.04,2,77321,71742,0,71992,76894,0
167,0001,2021-02-12 21:02:53.055,2,77321,71742,0,71992,76894,0
168,0001,2021-02-12 21:02:55.086,2,77321,71742,0,71992,76894,0
169,0001,2021-02-12 21:02:56.101,2,77321,71742,0,71992,76894,0
170,0001,2021-02-12 21:02:57.117,2,77321,71742,0,71992,76894,0
171,0001,2021-02-12 21:02:58.132,2,77321,71742,0,71992,76894,0
172,0001,2021-02-12 21:02:59.148,2,77321,71742,0,71992,76894,0
173,0001,2021-02-12 21:03:00.163,2,77321,71742,0,71992,76894,0
174,0001,2021-02-12 21:03:01.178,2,77321,71742,0,71992,76894,0
175,0001,2021-02-12 21:03:02.194,2,77321,71742,0,71992,76894,0
176,0001,2021-02-12 21:03:03.209,2,77321,71742,0,71992,76894,0
177,0001,2021-02-12 21:03:04.224,2,77321,71742,0,71992,76894,0
178,0001,2021-02-12 21:03:05.24,2,77321,71742,0,71992,76894,0
179,0001,2021-02-12 21:03:06.241,2,77321,71742,0,71992,76894,0
180,0001,2021-02-12 21:03:07.257,2,77321,71742,0,71992,76894,0
181,0001,2021-02-12 21:03:08.272,2,77321,71742,1,71992,76894,1
182,0001,2021-02-12 21:03:09.287,2,77321,71742,1,71992,76894,1
183,0001,2021-02-12 21:03:10.303,2,77321,71742,2,71992,76894,2
184,0001,2021-02-12 21:03:11.318,2,77321,71742,2,71992,76894,2
185,0001,2021-02-12 21:03:12.334,2,77321,71742,2,71992,76894,2
186,0001,2021-02-12 21:03:13.349,2,77321,71742,2,71992,76894,2
187,0001,2021-02-12 21:03:14.364,2,77321,71742,2,71992,76894,2
188,0001,2021-02-12 21:03:15.38,2,77321,71742,2,71992,76894,2
189,0001,2021-02-12 21:03:16.395,2,77321,71742,2,71992,76894,2
190,0001,2021-02-12 21:03:17.41,2,77321,71742,2,71992,76894,2
191,0001,2021-02-12 21:03:18.426,2,77321,71742,2,71992,76894,2
192,0001,2021-02-12 21:03:19.441,2,77321,71743,1,71993,76894,1
193,0001,2021-02-12 21:03:20.457,2,77321,71743,1,71993,76894,1
194,0001,2021-02-12 21:03:21.458,2,77321,71743,1,71993,76894,1
195,0001,2021-02-12 21:03:22.473,2,77321,71744,0,71994,76894,0
196,0001,2021-02-12 21:03:23.489,2,77321,71744,0,71994,76894,0
197,0001,2021-02-12 21:03:24.504,2,77321,71744,0,71994,76894,0
198,0001,2021-02-12 21:03:25.52,2,77321,71744,0,71994,76894,0
199,0001,2021-02-12 21:03:26.535,2,77321,71744,0,71994,76894,0
200,0001,2021-02-12 21:03:27.55,2,77321,71744,0,71994,76894,0
201,0001,2021-02-12 21:03:28.566,2,77321,71744,0,71994,76894,0
202,0001,2021-02-12 21:03:29.581,2,77321,71744,1,71994,76894,1
203,0001,2021-02-12 21:03:30.596,2,77321,71744,1,71994,76894,1
204,0001,2021-02-12 21:03:31.612,2,77321,71744,1,71994,76894,1
205,0001,2021-02-12 21:03:32.627,2,77321,71744,1,71994,76894,1
206,0001,2021-02-12 21:03:33.643,2,77321,71744,1,71994,76894,1
207,0001,2021-02-12 21:03:34.658,2,77321,71744,1,71994,76894,1
208,0001,2021-02-12 21:03:35.673,2,77321,71744,1,71994,76894,1
209,0001,2021-02-12 21:03:36.675,2,77321,71744,1,71994,76894,1
210,0001,2021-02-12 21:03:37.69,2,77321,71744,1,71994,76894,1
211,0001,2021-02-12 21:03:38.705,2,77321,71744,1,71994,76894,1
212,0001,2021-02-12 21:03:39.721,2,77321,71744,1,71994,76894,1
213,0001,2021-02-12 21:03:40.736,2,77321,71745,0,71995,76894,0
214,0001,2021-02-12 21:03:41.752,2,77321,71745,0,71995,76894,0
215,0001,2021-02-12 21:03:42.767,2,77321,71745,0,71995,76894,0
216,0001,2021-02-12 21:03:43.782,2,77321,71745,0,71995,76894,0
217,0001,2021-02-12 21:03:44.798,2,77321,71745,0,71995,76894,0
218,0001,2021-02-12 21:03:45.813,2,77321,71745,0,71995,76894,0
219,0001,2021-02-12 21:03:46.829,2,77321,71745,0,71995,76894,0
220,0001,2021-02-12 21:03:49.875,2,77321,71745,0,71995,76894,0
221,0001,2021-02-12 21:03:50.893,2,77321,71745,0,71995,76894,0
222,0001,2021-02-12 21:03:51.909,2,77321,71745,0,71995,76894,0
223,0001,2021-02-12 21:03:52.924,2,77321,71745,0,71995,76894,0
224,0001,2021-02-12 21:03:53.939,2,77321,71745,0,71995,76894,0
225,0001,2021-02-12 21:03:54.955,2,77321,71745,0,71995,76894,0
226,0001,2021-02-12 21:03:55.97,2,77321,71745,0,71995,76894,0
227,0001,2021-02-12 21:03:56.986,2,77321,71745,0,71995,76894,0
228,0001,2021-02-12 21:03:58.001,2,77321,71745,0,71995,76894,0
229,0001,2021-02-12 21:03:59.016,2,77321,71745,0,71995,76894,0
230,0001,2021-02-12 21:04:00.031,2,77321,71745,0,71995,76894,0
231,0001,2021-02-12 21:04:01.047,2,77321,71745,0,71995,76894,0
232,0001,2021-02-12 21:04:02.062,2,77321,71745,0,71995,76894,0
233,0001,2021-02-12 21:04:03.078,2,77321,71745,0,71995,76894,0
234,0001,2021-02-12 21:04:10.171,2,77321,71745,0,71995,76894,0
235,0001,2021-02-12 21:04:11.187,2,77321,71745,0,71995,76894,0
236,0001,2021-02-12 21:04:12.202,2,77321,71745,0,71995,76894,0
237,0001,2021-02-12 21:04:13.218,2,77321,71745,0,71995,76894,0
238,0001,2021-02-12 21:04:14.233,2,77321,71745,0,71995,76894,0
239,0001,2021-02-12 21:04:15.248,2,77321,71745,0,71995,76894,0
240,0001,2021-02-12 21:04:16.264,2,77321,71745,0,71995,76894,0
241,0001,2021-02-12 21:04:17.279,2,77321,71745,0,71995,76894,0
242,0001,2021-02-12 21:04:18.295,2,77321,71745,0,71995,76894,0
243,0001,2021-02-12 21:04:19.31,2,77321,71745,0,71995,76894,0
244,0001,2021-02-12 21:04:20.325,2,77321,71745,0,71995,76894,0
245,0001,2021-02-12 21:04:21.327,2,77321,71745,1,71995,76894,1
246,0001,2021-02-12 21:04:22.342,2,77321,71745,1,71995,76894,1
247,0001,2021-02-12 21:04:23.358,2,77321,71745,1,71995,76894,1
248,0001,2021-02-12 21:04:24.373,2,77321,71745,1,71995,76894,1
249,0001,2021-02-12 21:04:25.388,2,77321,71745,1,71995,76894,1
250,0001,2021-02-12 21:04:26.404,2,77321,71745,1,71995,76894,1
251,0001,2021-02-12 21:04:27.419,2,77321,71745,1,71995,76894,1
252,0001,2021-02-12 21:04:28.434,2,77321,71745,1,71995,76894,1
253,0001,2021-02-12 21:04:29.45,2,77321,71745,1,71995,76894,1
254,0001,2021-02-12 21:04:30.465,2,77321,71745,1,71995,76894,1
255,0001,2021-02-12 21:04:31.481,2,77321,71745,1,71995,76894,1
256,0001,2021-02-12 21:04:32.496,2,77321,71746,0,71996,76894,0
257,0001,2021-02-12 21:04:33.511,2,77321,71746,0,71996,76894,0
258,0001,2021-02-12 21:04:34.526,2,77321,71746,0,71996,76894,0
259,0001,2021-02-12 21:04:35.542,2,77321,71746,1,71996,76894,1
260,0001,2021-02-12 21:04:36.543,2,77321,71746,1,71996,76894,1
261,0001,2021-02-12 21:04:37.559,2,77321,71746,1,71996,76894,1
262,0001,2021-02-12 21:04:38.574,2,77321,71746,1,71996,76894,1
263,0001,2021-02-12 21:04:39.589,2,77321,71746,1,71996,76894,1
264,0001,2021-02-12 21:04:40.605,2,77321,71746,1,71996,76894,1
265,0001,2021-02-12 21:04:41.62,2,77321,71746,1,71996,76894,1
266,0001,2021-02-12 21:04:42.635,2,77321,71746,1,71996,76894,1
267,0001,2021-02-12 21:04:43.651,2,77321,71746,1,71996,76894,1
268,0001,2021-02-12 21:04:44.666,2,77321,71746,1,71996,76894,1
269,0001,2021-02-12 21:04:45.682,2,77321,71746,1,71996,76894,1
270,0001,2021-02-12 21:04:46.697,2,77321,71746,1,71996,76894,1
271,0001,2021-02-12 21:04:47.712,2,77321,71746,1,71996,76894,1
272,0001,2021-02-12 21:04:48.728,2,77321,71747,0,71997,76894,0
273,0001,2021-02-12 21:04:49.743,2,77321,71747,0,71997,76894,0
274,0001,2021-02-12 21:04:50.758,2,77321,71747,0,71997,76894,0
275,0001,2021-02-12 21:04:51.76,2,77321,71747,0,71997,76894,0
276,0001,2021-02-12 21:04:52.775,2,77321,71747,0,71997,76894,0
277,0001,2021-02-12 21:04:53.79,2,77321,71747,0,71997,76894,0
278,0001,2021-02-12 21:04:54.806,2,77321,71747,0,71997,76894,0
279,0001,2021-02-12 21:04:55.821,2,77321,71747,0,71997,76894,0
280,0001,2021-02-12 21:04:56.837,2,77321,71747,0,71997,76894,0
281,0001,2021-02-12 21:04:57.852,2,77321,71747,0,71997,76894,0
282,0001,2021-02-12 21:04:58.867,2,77321,71747,0,71997,76894,0
283,0001,2021-02-12 21:04:59.883,2,77321,71747,0,71997,76894,0
284,0001,2021-02-12 21:05:01.913,1,77321,71747,0,71997,76894,0
285,0001,2021-02-12 21:05:03.944,1,77321,71747,0,71997,76894,0
286,0001,2021-02-12 21:05:04.96,1,77321,71747,0,71997,76894,0
287,0001,2021-02-12 21:05:05.961,1,77321,71747,0,71997,76894,0
288,0001,2021-02-12 21:05:06.977,2,77321,71747,0,71997,76894,0
289,0001,2021-02-12 21:05:07.992,2,77321,71747,0,71997,76894,0
290,0001,2021-02-12 21:05:09.007,2,77321,71747,0,71997,76894,0
291,0001,2021-02-12 21:05:10.022,2,77321,71747,0,71997,76894,0
292,0001,2021-02-12 21:05:11.038,2,77321,71747,0,71997,76894,0
293,0001,2021-02-12 21:05:12.053,2,77321,71747,0,71997,76894,0
294,0001,2021-02-12 21:05:13.069,2,77321,71747,0,71997,76894,0
295,0001,2021-02-12 21:05:14.084,2,77321,71747,0,71997,76894,0
296,0001,2021-02-12 21:05:15.099,2,77321,71747,0,71997,76894,0
297,0001,2021-02-12 21:05:16.115,2,77321,71747,1,71997,76894,1
298,0001,2021-02-12 21:05:17.13,2,77321,71747,2,71997,76894,2
299,0001,2021-02-12 21:05:18.146,2,77321,71747,2,71997,76894,2
300,0001,2021-02-12 21:05:19.161,2,77321,71747,2,71997,76894,2
301,0001,2021-02-12 21:05:20.176,2,77321,71747,2,71997,76894,2
302,0001,2021-02-12 21:05:21.178,2,77321,71747,2,71997,76894,2
303,0001,2021-02-12 21:05:22.193,2,77321,71747,2,71997,76894,2
304,0001,2021-02-12 21:05:23.209,2,77321,71747,2,71997,76894,2
305,0001,2021-02-12 21:05:24.224,2,77321,71747,2,71997,76894,2
306,0001,2021-02-12 21:05:27.27,1,77321,71747,2,71997,76894,2
307,0001,2021-02-12 21:05:28.285,1,77321,71747,2,71997,76894,2
308,0001,2021-02-12 21:05:29.301,1,77321,71747,3,71997,76894,3
309,0001,2021-02-12 21:05:30.316,1,77321,71747,1,71997,76894,1
310,0001,2021-02-12 21:05:31.332,1,77321,71747,1,71997,76894,1
311,0001,2021-02-12 21:05:32.347,2,77321,71747,1,71997,76894,1
312,0001,2021-02-12 21:05:33.362,2,77321,71747,2,71997,76894,2
313,0001,2021-02-12 21:05:34.378,2,77321,71747,2,71997,76894,2
314,0001,2021-02-12 21:05:35.393,2,77321,71747,1,71997,76894,1
315,0001,2021-02-12 21:05:36.395,2,77321,71747,1,71997,76894,1
316,0001,2021-02-12 21:05:37.41,2,77321,71747,1,71997,76894,1
317,0001,2021-02-12 21:05:39.441,1,77321,71747,1,71997,76894,1
318,0001,2021-02-12 21:05:40.456,1,77321,71747,1,71997,76894,1
319,0001,2021-02-12 21:05:41.471,1,77321,71747,1,71997,76894,1
320,0001,2021-02-12 21:05:42.487,1,77321,71747,0,71997,76894,0
321,0001,2021-02-12 21:05:43.502,1,77321,71747,0,71997,76894,0
322,0001,2021-02-12 21:05:44.518,1,77321,71747,0,71997,76894,0
323,0001,2021-02-12 21:05:45.533,2,77321,71747,0,71997,76894,0
324,0001,2021-02-12 21:05:46.548,2,77321,71747,0,71997,76894,0
325,0001,2021-02-12 21:05:47.564,2,77321,71747,0,71997,76894,0
326,0001,2021-02-12 21:05:48.579,2,77321,71747,1,71997,76894,1
327,0001,2021-02-12 21:05:49.595,2,77321,71747,1,71997,76894,1
328,0001,2021-02-12 21:05:50.61,2,77321,71747,1,71997,76894,1
329,0001,2021-02-12 21:05:51.611,2,77321,71747,1,71997,76894,1
330,0001,2021-02-12 21:05:52.627,2,77321,71747,2,71997,76894,2
331,0001,2021-02-12 21:05:53.642,2,77321,71747,2,71997,76894,2
332,0001,2021-02-12 21:05:55.673,1,77321,71747,3,71997,76894,3
333,0001,2021-02-12 21:05:56.688,1,77321,71747,3,71997,76894,3
334,0001,2021-02-12 21:05:57.704,1,77321,71747,4,71997,76894,4
335,0001,2021-02-12 21:05:58.719,1,77321,71747,3,71997,76894,3
336,0001,2021-02-12 21:05:59.734,1,77321,71748,2,71998,76894,2
337,0001,2021-02-12 21:06:00.75,1,77321,71748,2,71998,76894,2
338,0001,2021-02-12 21:06:01.765,2,77321,71748,5,71998,76894,5
339,0001,2021-02-12 21:06:02.78,2,77321,71748,5,71998,76894,5
340,0001,2021-02-12 21:06:04.811,2,77321,71748,5,71998,76894,5
341,0001,2021-02-12 21:06:05.827,1,77321,71748,5,71998,76894,5
342,0001,2021-02-12 21:06:06.829,1,77321,71750,0,72000,76894,0
343,0001,2021-02-12 21:06:07.845,1,77321,71750,0,72000,76894,0
344,0001,2021-02-12 21:06:08.86,1,77321,71750,0,72000,76894,0
345,0001,2021-02-12 21:06:09.875,1,77321,71750,0,72000,76894,0
346,0001,2021-02-12 21:06:10.891,2,77321,71750,0,72000,76894,0
347,0001,2021-02-12 21:06:11.906,2,77321,71750,0,72000,76894,0
348,0001,2021-02-12 21:06:12.922,2,77321,71750,0,72000,76894,0
349,0001,2021-02-12 21:06:13.937,2,77321,71750,0,72000,76894,0
350,0001,2021-02-12 21:06:14.952,2,77321,71750,0,72000,76894,0
351,0001,2021-02-12 21:06:15.968,2,77321,71750,0,72000,76894,0
352,0001,2021-02-12 21:06:16.983,2,77321,71750,0,72000,76894,0
353,0001,2021-02-12 21:06:17.999,2,77321,71750,0,72000,76894,0
354,0001,2021-02-12 21:06:19.014,2,77321,71750,0,72000,76894,0
355,0001,2021-02-12 21:06:23.061,2,77321,71750,0,72000,76894,0
356,0001,2021-02-12 21:06:24.077,2,77321,71750,0,72000,76894,0
357,0001,2021-02-12 21:06:25.092,2,77321,71750,0,72000,76894,0
358,0001,2021-02-12 21:06:26.108,2,77321,71750,0,72000,76894,0
359,0001,2021-02-12 21:06:27.123,2,77321,71750,0,72000,76894,0
360,0001,2021-02-12 21:06:28.138,2,77321,71750,0,72000,76894,0
361,0001,2021-02-12 21:06:29.154,2,77321,71750,0,72000,76894,0
362,0001,2021-02-12 21:06:30.169,2,77321,71750,0,72000,76894,0
363,0001,2021-02-12 21:06:31.184,2,77321,71750,0,72000,76894,0
364,0001,2021-02-12 21:06:32.2,2,77321,71750,0,72000,76894,0
365,0001,2021-02-12 21:06:33.215,2,77321,71750,0,72000,76894,0
366,0001,2021-02-12 21:06:34.23,2,77321,71750,0,72000,76894,0
367,0001,2021-02-12 21:06:35.246,2,77321,71750,0,72000,76894,0
368,0001,2021-02-12 21:06:36.247,2,77321,71750,0,72000,76894,0
369,0001,2021-02-12 21:06:37.263,2,77321,71750,0,72000,76894,0
370,0001,2021-02-12 21:06:38.278,2,77321,71750,0,72000,76894,0
371,0001,2021-02-12 21:06:39.293,2,77321,71750,0,72000,76894,0
372,0001,2021-02-12 21:06:40.309,2,77321,71750,0,72000,76894,0
373,0001,2021-02-12 21:06:41.324,2,77321,71750,0,72000,76894,0
374,0001,2021-02-12 21:06:42.34,2,77321,71750,0,72000,76894,0
375,0001,2021-02-12 21:06:43.355,2,77321,71750,0,72000,76894,0
376,0001,2021-02-12 21:06:44.37,2,77321,71750,0,72000,76894,0
377,0001,2021-02-12 21:06:45.386,2,77321,71750,0,72000,76894,0
378,0001,2021-02-12 21:06:46.401,2,77321,71750,0,72000,76894,0
379,0001,2021-02-12 21:06:47.416,2,77321,71750,0,72000,76894,0
380,0001,2021-02-12 21:06:48.432,2,77321,71750,0,72000,76894,0
381,0001,2021-02-12 21:06:49.447,2,77321,71750,0,72000,76894,0
382,0001,2021-02-12 21:06:50.463,2,77321,71750,0,72000,76894,0
383,0001,2021-02-12 21:06:51.464,2,77321,71750,0,72000,76894,0
384,0001,2021-02-12 21:06:52.479,2,77321,71750,0,72000,76894,0
385,0001,2021-02-12 21:06:53.495,2,77321,71750,0,72000,76894,0
386,0001,2021-02-12 21:06:54.51,2,77321,71750,0,72000,76894,0
387,0001,2021-02-12 21:06:55.526,2,77321,71750,0,72000,76894,0
388,0001,2021-02-12 21:06:56.541,2,77321,71750,0,72000,76894,0
389,0001,2021-02-12 21:06:57.556,2,77321,71750,0,72000,76894,0
390,0001,2021-02-12 21:06:58.572,2,77321,71750,0,72000,76894,0
391,0001,2021-02-12 21:06:59.587,2,77321,71750,0,72000,76894,0
392,0001,2021-02-12 21:07:00.603,2,77321,71750,0,72000,76894,0
393,0001,2021-02-12 21:07:01.618,2,77321,71750,0,72000,76894,0
394,0001,2021-02-12 21:07:02.633,2,77321,71750,0,72000,76894,0
395,0001,2021-02-12 21:07:03.649,2,77321,71750,0,72000,76894,0
396,0001,2021-02-12 21:07:04.664,2,77321,71750,0,72000,76894,0
397,0001,2021-02-12 21:07:05.68,2,77321,71750,0,72000,76894,0
398,0001,2021-02-12 21:07:06.689,2,77321,71750,0,72000,76894,0
399,0001,2021-02-12 21:07:07.705,2,77321,71750,0,72000,76894,0
400,0001,2021-02-12 21:07:08.705,2,77321,71750,0,72000,76894,0
401,0001,2021-02-12 21:07:09.721,2,77321,71750,0,72000,76894,0
402,0001,2021-02-12 21:07:10.722,2,77321,71750,0,72000,76894,0
403,0001,2021-02-12 21:07:11.735,2,77321,71750,0,72000,76894,0
404,0001,2021-02-12 21:07:12.736,2,77321,71750,0,72000,76894,0
405,0001,2021-02-12 21:07:13.751,2,77321,71750,0,72000,76894,0
406,0001,2021-02-12 21:07:14.767,2,77321,71750,0,72000,76894,0
407,0001,2021-02-12 21:07:15.782,2,77321,71750,0,72000,76894,0
408,0001,2021-02-12 21:07:16.784,2,77321,71750,0,72000,76894,0
409,0001,2021-02-12 21:07:34.038,2,77321,71750,0,72000,76894,0
410,0001,2021-02-12 21:07:35.054,2,77321,71750,0,72000,76894,0
411,0001,2021-02-12 21:07:36.055,2,77321,71750,0,72000,76894,0
412,0001,2021-02-12 21:07:37.071,2,77321,71750,0,72000,76894,0
413,0001,2021-02-12 21:07:38.086,2,77321,71750,0,72000,76894,0
414,0001,2021-02-12 21:07:39.101,2,77321,71750,0,72000,76894,0
415,0001,2021-02-12 21:07:40.117,2,77321,71750,0,72000,76894,0
416,0001,2021-02-12 21:07:41.132,2,77321,71750,0,72000,76894,0
417,0001,2021-02-12 21:07:42.148,2,77321,71750,1,72000,76894,1
418,0001,2021-02-12 21:07:43.163,2,77321,71750,1,72000,76894,1
419,0001,2021-02-12 21:07:44.178,2,77321,71750,1,72000,76894,1
420,0001,2021-02-12 21:07:45.194,2,77321,71750,1,72000,76894,1
421,0001,2021-02-12 21:07:46.209,2,77321,71750,1,72000,76894,1
422,0001,2021-02-12 21:07:47.224,2,77321,71750,1,72000,76894,1
423,0001,2021-02-12 21:07:48.24,2,77321,71750,1,72000,76894,1
424,0001,2021-02-12 21:07:49.255,2,77321,71750,1,72000,76894,1
425,0001,2021-02-12 21:07:50.27,2,77321,71750,1,72000,76894,1
426,0001,2021-02-12 21:07:51.272,2,77321,71750,1,72000,76894,1
427,0001,2021-02-12 21:07:52.288,2,77321,71750,1,72000,76894,1
428,0001,2021-02-12 21:07:53.303,2,77321,71750,0,72000,76894,0
429,0001,2021-02-12 21:07:54.318,2,77321,71750,0,72000,76894,0
430,0001,2021-02-12 21:07:55.334,2,77321,71750,2,72000,76894,2
431,0001,2021-02-12 21:07:56.349,2,77321,71750,3,72000,76894,3
432,0001,2021-02-12 21:07:57.36,2,77321,71750,3,72000,76894,3
433,0001,2021-02-12 21:07:58.375,2,77321,71750,3,72000,76894,3
434,0001,2021-02-12 21:07:59.391,2,77321,71750,3,72000,76894,3
435,0001,2021-02-12 21:08:00.406,2,77321,71750,3,72000,76894,3
436,0001,2021-02-12 21:08:01.421,2,77321,71750,3,72000,76894,3
437,0001,2021-02-12 21:08:02.437,2,77321,71750,3,72000,76894,3
438,0001,2021-02-12 21:08:03.452,2,77321,71750,3,72000,76894,3
439,0001,2021-02-12 21:08:04.468,2,77321,71750,3,72000,76894,3
440,0001,2021-02-12 21:08:05.483,2,77323,71750,1,72000,76896,1
441,0001,2021-02-12 21:08:06.484,2,77324,71750,0,72000,76897,0
442,0001,2021-02-12 21:08:07.5,2,77324,71750,0,72000,76897,0
443,0001,2021-02-12 21:08:08.515,2,77324,71750,0,72000,76897,0
444,0001,2021-02-12 21:08:09.531,2,77324,71750,0,72000,76897,0
445,0001,2021-02-12 21:08:10.546,2,77324,71750,0,72000,76897,0
446,0001,2021-02-12 21:08:11.561,2,77324,71750,0,72000,76897,0
447,0001,2021-02-12 21:08:12.577,2,77324,71750,0,72000,76897,0
448,0001,2021-02-12 21:08:13.592,2,77324,71750,0,72000,76897,0
449,0001,2021-02-12 21:08:14.607,2,77324,71750,0,72000,76897,0
450,0001,2021-02-12 21:08:15.623,2,77324,71750,0,72000,76897,0
451,0001,2021-02-12 21:08:16.638,2,77324,71750,0,72000,76897,0
452,0001,2021-02-12 21:08:17.654,2,77324,71750,0,72000,76897,0
453,0001,2021-02-12 21:08:18.669,2,77324,71750,0,72000,76897,0
454,0001,2021-02-12 21:08:19.684,2,77324,71750,0,72000,76897,0
455,0001,2021-02-12 21:08:20.7,2,77324,71750,0,72000,76897,0
456,0001,2021-02-12 21:08:21.703,2,77324,71750,0,72000,76897,0
457,0001,2021-02-12 21:08:22.719,2,77324,71750,0,72000,76897,0
458,0001,2021-02-12 21:08:23.734,2,77324,71750,0,72000,76897,0
459,0001,2021-02-12 21:08:24.749,2,77324,71750,0,72000,76897,0
460,0001,2021-02-12 21:08:25.765,2,77324,71750,0,72000,76897,0
461,0001,2021-02-12 21:08:26.78,2,77324,71750,0,72000,76897,0
462,0001,2021-02-12 21:08:27.795,2,77324,71750,0,72000,76897,0
463,0001,2021-02-12 21:08:28.811,2,77324,71750,0,72000,76897,0
464,0001,2021-02-12 21:08:29.826,2,77324,71750,0,72000,76897,0
465,0001,2021-02-12 21:08:30.842,2,77324,71750,0,72000,76897,0
466,0001,2021-02-12 21:08:31.857,2,77324,71750,0,72000,76897,0
467,0001,2021-02-12 21:08:32.872,2,77324,71750,0,72000,76897,0
468,0001,2021-02-12 21:08:33.888,2,77324,71750,0,72000,76897,0
469,0001,2021-02-12 21:08:34.903,2,77324,71750,0,72000,76897,0
470,0001,2021-02-12 21:08:35.905,2,77324,71750,0,72000,76897,0
471,0001,2021-02-12 21:08:36.92,2,77324,71750,0,72000,76897,0
472,0001,2021-02-12 21:08:37.936,2,77324,71750,0,72000,76897,0
473,0001,2021-02-12 21:08:38.951,2,77324,71750,0,72000,76897,0
474,0001,2021-02-12 21:08:39.966,2,77324,71750,0,72000,76897,0
475,0001,2021-02-12 21:08:40.982,2,77324,71750,0,72000,76897,0
476,0001,2021-02-12 21:08:41.997,2,77324,71750,0,72000,76897,0
477,0001,2021-02-12 21:08:43.012,2,77324,71750,0,72000,76897,0
478,0001,2021-02-12 21:08:44.028,2,77324,71750,0,72000,76897,0
479,0001,2021-02-12 21:08:45.043,2,77324,71750,0,72000,76897,0
480,0001,2021-02-12 21:08:46.059,2,77324,71750,0,72000,76897,0
481,0001,2021-02-12 21:08:47.074,2,77324,71750,0,72000,76897,0
482,0001,2021-02-12 21:08:48.089,2,77324,71750,0,72000,76897,0
483,0001,2021-02-12 21:08:49.105,2,77324,71750,0,72000,76897,0
484,0001,2021-02-12 21:08:50.12,2,77324,71750,0,72000,76897,0
485,0001,2021-02-12 21:08:51.121,2,77324,71750,0,72000,76897,0
486,0001,2021-02-12 21:08:52.137,2,77324,71750,0,72000,76897,0
487,0001,2021-02-12 21:08:53.152,2,77324,71750,0,72000,76897,0
488,0001,2021-02-12 21:08:54.168,2,77324,71750,0,72000,76897,0
489,0001,2021-02-12 21:08:55.183,2,77324,71750,0,72000,76897,0
490,0001,2021-02-12 21:08:56.198,2,77324,71750,0,72000,76897,0
491,0001,2021-02-12 21:08:57.214,2,77324,71750,0,72000,76897,0
492,0001,2021-02-12 21:08:58.229,2,77324,71750,0,72000,76897,0
493,0001,2021-02-12 21:08:59.245,2,77324,71750,1,72000,76897,1
494,0001,2021-02-12 21:09:00.26,2,77324,71750,1,72000,76897,1
495,0001,2021-02-12 21:09:01.275,2,77324,71750,1,72000,76897,1
496,0001,2021-02-12 21:09:02.291,2,77324,71750,1,72000,76897,1
497,0001,2021-02-12 21:09:03.306,2,77324,71750,1,72000,76897,1
498,0001,2021-02-12 21:09:04.322,2,77324,71750,1,72000,76897,1
499,0001,2021-02-12 21:09:05.337,2,77324,71750,1,72000,76897,1
500,0001,2021-02-12 21:09:06.338,2,77324,71750,1,72000,76897,1
501,0001,2021-02-12 21:09:07.354,2,77324,71750,1,72000,76897,1
502,0001,2021-02-12 21:09:08.369,2,77324,71750,1,72000,76897,1
503,0001,2021-02-12 21:09:09.384,2,77324,71750,1,72000,76897,1
504,0001,2021-02-12 21:09:10.4,2,77324,71751,0,72001,76897,0
505,0001,2021-02-12 21:09:11.415,2,77324,71751,0,72001,76897,0
506,0001,2021-02-12 21:09:12.431,2,77324,71751,0,72001,76897,0
507,0001,2021-02-12 21:09:13.446,2,77324,71751,0,72001,76897,0
508,0001,2021-02-12 21:09:14.461,2,77324,71751,0,72001,76897,0
509,0001,2021-02-12 21:09:15.477,2,77324,71751,0,72001,76897,0
510,0001,2021-02-12 21:09:16.492,2,77324,71751,0,72001,76897,0
511,0001,2021-02-12 21:09:17.507,2,77324,71751,0,72001,76897,0
512,0001,2021-02-12 21:09:18.523,2,77324,71751,0,72001,76897,0
513,0001,2021-02-12 21:09:19.539,2,77324,71751,2,72001,76897,2
514,0001,2021-02-12 21:09:20.554,2,77324,71751,3,72001,76897,3
515,0001,2021-02-12 21:09:21.555,2,77324,71751,2,72001,76897,2
516,0001,2021-02-12 21:09:22.571,2,77324,71751,2,72001,76897,2
517,0001,2021-02-12 21:09:23.586,2,77324,71751,2,72001,76897,2
518,0001,2021-02-12 21:09:24.601,2,77324,71751,2,72001,76897,2
519,0001,2021-02-12 21:09:25.617,2,77324,71751,2,72001,76897,2
520,0001,2021-02-12 21:09:26.632,2,77324,71751,2,72001,76897,2
521,0001,2021-02-12 21:09:27.648,2,77324,71751,3,72001,76897,3
522,0001,2021-02-12 21:09:28.663,2,77324,71751,3,72001,76897,3
523,0001,2021-02-12 21:09:29.678,2,77324,71751,3,72001,76897,3
524,0001,2021-02-12 21:09:30.694,2,77324,71752,1,72002,76897,1
525,0001,2021-02-12 21:09:31.709,2,77324,71753,0,72003,76897,0
526,0001,2021-02-12 21:09:32.725,2,77324,71753,0,72003,76897,0
527,0001,2021-02-12 21:09:33.74,2,77324,71753,0,72003,76897,0
528,0001,2021-02-12 21:09:34.755,2,77324,71753,0,72003,76897,0
529,0001,2021-02-12 21:09:35.771,2,77324,71753,0,72003,76897,0
530,0001,2021-02-12 21:09:36.772,2,77324,71753,0,72003,76897,0
531,0001,2021-02-12 21:09:37.787,2,77324,71753,0,72003,76897,0
532,0001,2021-02-12 21:09:38.803,2,77324,71753,0,72003,76897,0
533,0001,2021-02-12 21:09:39.818,2,77324,71753,0,72003,76897,0
534,0001,2021-02-12 21:10:08.221,2,77324,71753,0,72003,76897,0
535,0001,2021-02-12 21:10:09.236,2,77324,71753,0,72003,76897,0
536,0001,2021-02-12 21:10:10.252,2,77324,71753,0,72003,76897,0
537,0001,2021-02-12 21:10:11.267,2,77324,71753,0,72003,76897,0
538,0001,2021-02-12 21:10:12.282,2,77324,71753,0,72003,76897,0
539,0001,2021-02-12 21:10:13.298,2,77324,71753,0,72003,76897,0
540,0001,2021-02-12 21:10:14.313,2,77324,71753,0,72003,76897,0
541,0001,2021-02-12 21:10:15.329,2,77324,71753,0,72003,76897,0
542,0001,2021-02-12 21:10:16.344,2,77324,71753,0,72003,76897,0
543,0001,2021-02-12 21:10:17.359,2,77324,71753,0,72003,76897,0
544,0001,2021-02-12 21:10:18.375,2,77324,71753,0,72003,76897,0
545,0001,2021-02-12 21:10:19.39,2,77324,71753,0,72003,76897,0
546,0001,2021-02-12 21:10:20.406,2,77324,71753,0,72003,76897,0
547,0001,2021-02-12 21:10:21.407,2,77324,71753,0,72003,76897,0
548,0001,2021-02-12 21:10:22.422,2,77324,71753,1,72003,76897,1
549,0001,2021-02-12 21:10:23.438,2,77324,71753,1,72003,76897,1
550,0001,2021-02-12 21:10:24.453,2,77324,71753,1,72003,76897,1
551,0001,2021-02-12 21:10:25.469,2,77324,71753,1,72003,76897,1
552,0001,2021-02-12 21:10:26.484,2,77324,71753,1,72003,76897,1
553,0001,2021-02-12 21:10:27.499,2,77324,71753,1,72003,76897,1
554,0001,2021-02-12 21:10:28.515,2,77324,71753,1,72003,76897,1
555,0001,2021-02-12 21:10:29.53,2,77324,71753,1,72003,76897,1
556,0001,2021-02-12 21:10:30.545,2,77324,71753,1,72003,76897,1
557,0001,2021-02-12 21:10:31.561,2,77324,71753,1,72003,76897,1
558,0001,2021-02-12 21:10:32.561,2,77324,71754,0,72004,76897,0
559,0001,2021-02-12 21:10:33.576,2,77324,71754,0,72004,76897,0
560,0001,2021-02-12 21:10:34.591,2,77324,71754,1,72004,76897,1
561,0001,2021-02-12 21:10:35.607,2,77324,71754,1,72004,76897,1
562,0001,2021-02-12 21:10:36.607,2,77324,71754,1,72004,76897,1
563,0001,2021-02-12 21:10:37.623,2,77324,71754,1,72004,76897,1
564,0001,2021-02-12 21:10:38.638,2,77324,71754,1,72004,76897,1
565,0001,2021-02-12 21:10:39.653,2,77324,71754,1,72004,76897,1
566,0001,2021-02-12 21:10:40.669,2,77324,71754,1,72004,76897,1
567,0001,2021-02-12 21:10:41.684,2,77324,71754,1,72004,76897,1
568,0001,2021-02-12 21:10:42.7,2,77324,71754,2,72004,76897,2
569,0001,2021-02-12 21:10:43.715,2,77324,71755,1,72005,76897,1
570,0001,2021-02-12 21:10:44.731,2,77324,71755,1,72005,76897,1
571,0001,2021-02-12 21:10:45.746,2,77324,71755,1,72005,76897,1
572,0001,2021-02-12 21:10:46.761,2,77324,71755,1,72005,76897,1
573,0001,2021-02-12 21:10:47.777,2,77324,71755,1,72005,76897,1
574,0001,2021-02-12 21:10:48.792,2,77324,71755,1,72005,76897,1
575,0001,2021-02-12 21:10:49.807,2,77324,71755,1,72005,76897,1
576,0001,2021-02-12 21:10:50.823,2,77324,71755,1,72005,76897,1
577,0001,2021-02-12 21:10:51.824,2,77324,71755,1,72005,76897,1
578,0001,2021-02-12 21:10:52.839,2,77324,71756,0,72006,76897,0
579,0001,2021-02-12 21:10:53.855,2,77324,71756,1,72006,76897,1
580,0001,2021-02-12 21:10:54.87,2,77324,71756,2,72006,76897,2
581,0001,2021-02-12 21:10:55.886,2,77324,71756,2,72006,76897,2
582,0001,2021-02-12 21:10:56.901,2,77324,71756,2,72006,76897,2
583,0001,2021-02-12 21:10:57.916,2,77324,71756,2,72006,76897,2
584,0001,2021-02-12 21:10:58.932,2,77324,71756,2,72006,76897,2
585,0001,2021-02-12 21:10:59.947,2,77324,71756,2,72006,76897,2
586,0001,2021-02-12 21:11:00.963,2,77324,71756,2,72006,76897,2
587,0001,2021-02-12 21:11:01.978,2,77324,71756,2,72006,76897,2
588,0001,2021-02-12 21:11:02.993,2,77324,71756,2,72006,76897,2
589,0001,2021-02-12 21:11:04.009,2,77324,71758,0,72008,76897,0
590,0001,2021-02-12 21:11:05.024,2,77324,71758,0,72008,76897,0
591,0001,2021-02-12 21:11:06.025,2,77324,71758,0,72008,76897,0
592,0001,2021-02-12 21:11:07.041,2,77324,71758,0,72008,76897,0
593,0001,2021-02-12 21:11:08.056,2,77324,71758,0,72008,76897,0
594,0001,2021-02-12 21:11:09.071,2,77324,71758,0,72008,76897,0
595,0001,2021-02-12 21:11:10.087,2,77324,71758,0,72008,76897,0
596,0001,2021-02-12 21:11:11.102,2,77324,71758,0,72008,76897,0
597,0001,2021-02-12 21:11:12.118,2,77324,71758,0,72008,76897,0
598,0001,2021-02-12 21:11:13.133,2,77324,71758,0,72008,76897,0
599,0001,2021-02-12 21:11:16.179,2,77324,71758,0,72008,76897,0
600,0001,2021-02-12 21:11:17.195,2,77324,71758,0,72008,76897,0
601,0001,2021-02-12 21:11:18.21,2,77324,71758,0,72008,76897,0
602,0001,2021-02-12 21:11:19.225,2,77324,71758,0,72008,76897,0
603,0001,2021-02-12 21:11:20.241,2,77324,71758,0,72008,76897,0
604,0001,2021-02-12 21:11:21.242,2,77324,71758,0,72008,76897,0
605,0001,2021-02-12 21:11:22.258,2,77324,71758,0,72008,76897,0
606,0001,2021-02-12 21:11:23.273,2,77324,71758,0,72008,76897,0
607,0001,2021-02-12 21:11:24.289,2,77324,71758,0,72008,76897,0
608,0001,2021-02-12 21:11:25.304,2,77324,71758,0,72008,76897,0
609,0001,2021-02-12 21:11:26.319,2,77324,71758,0,72008,76897,0
610,0001,2021-02-12 21:11:27.335,2,77324,71758,0,72008,76897,0
611,0001,2021-02-12 21:11:28.35,2,77324,71758,1,72008,76897,1
612,0001,2021-02-12 21:11:29.365,2,77324,71758,1,72008,76897,1
613,0001,2021-02-12 21:11:30.381,2,77324,71758,1,72008,76897,1
614,0001,2021-02-12 21:11:31.396,2,77324,71758,1,72008,76897,1
615,0001,2021-02-12 21:11:32.412,2,77324,71758,2,72008,76897,2
616,0001,2021-02-12 21:11:33.427,2,77324,71758,1,72008,76897,1
617,0001,2021-02-12 21:11:34.442,2,77324,71758,1,72008,76897,1
618,0001,2021-02-12 21:11:35.457,2,77324,71758,1,72008,76897,1
619,0001,2021-02-12 21:11:36.459,2,77324,71758,1,72008,76897,1
620,0001,2021-02-12 21:11:37.475,2,77324,71758,1,72008,76897,1
621,0001,2021-02-12 21:11:38.49,2,77324,71759,0,72009,76897,0
622,0001,2021-02-12 21:11:39.505,2,77324,71759,0,72009,76897,0
623,0001,2021-02-12 21:11:40.521,2,77324,71759,0,72009,76897,0
624,0001,2021-02-12 21:11:41.536,2,77324,71759,0,72009,76897,0
625,0001,2021-02-12 21:11:42.552,2,77324,71759,0,72009,76897,0
626,0001,2021-02-12 21:11:43.567,2,77324,71759,0,72009,76897,0
627,0001,2021-02-12 21:11:44.582,2,77324,71759,0,72009,76897,0
628,0001,2021-02-12 21:11:45.598,2,77324,71759,0,72009,76897,0
629,0001,2021-02-12 21:11:46.613,2,77324,71759,0,72009,76897,0
630,0001,2021-02-12 21:11:47.629,2,77324,71759,0,72009,76897,0
631,0001,2021-02-12 21:11:48.644,2,77324,71759,0,72009,76897,0
632,0001,2021-02-12 21:11:49.659,2,77324,71759,0,72009,76897,0
633,0001,2021-02-12 21:11:50.675,2,77324,71759,0,72009,76897,0
634,0001,2021-02-12 21:11:51.676,2,77324,71759,0,72009,76897,0
635,0001,2021-02-12 21:11:52.691,2,77324,71759,1,72009,76897,1
636,0001,2021-02-12 21:11:53.707,2,77324,71759,1,72009,76897,1
637,0001,2021-02-12 21:11:54.722,2,77324,71759,1,72009,76897,1
638,0001,2021-02-12 21:11:55.738,2,77324,71759,1,72009,76897,1
639,0001,2021-02-12 21:11:56.753,2,77324,71759,1,72009,76897,1
640,0001,2021-02-12 21:11:57.768,2,77324,71759,1,72009,76897,1
641,0001,2021-02-12 21:11:58.784,2,77324,71759,1,72009,76897,1
642,0001,2021-02-12 21:11:59.799,2,77324,71759,1,72009,76897,1
643,0001,2021-02-12 21:12:00.814,2,77324,71759,1,72009,76897,1
644,0001,2021-02-12 21:12:01.83,2,77324,71759,1,72009,76897,1
645,0001,2021-02-12 21:12:02.845,2,77324,71759,1,72009,76897,1
646,0001,2021-02-12 21:12:03.86,2,77324,71760,0,72010,76897,0
647,0001,2021-02-12 21:12:04.876,2,77324,71760,0,72010,76897,0
648,0001,2021-02-12 21:12:05.877,2,77324,71760,0,72010,76897,0
649,0001,2021-02-12 21:12:06.893,2,77324,71760,0,72010,76897,0
650,0001,2021-02-12 21:12:07.908,2,77324,71760,0,72010,76897,0
651,0001,2021-02-12 21:12:18.062,2,77324,71760,0,72010,76897,0
652,0001,2021-02-12 21:12:19.077,2,77324,71760,0,72010,76897,0
653,0001,2021-02-12 21:12:20.093,2,77324,71760,0,72010,76897,0
654,0001,2021-02-12 21:12:21.094,2,77324,71760,0,72010,76897,0
655,0001,2021-02-12 21:12:22.109,2,77324,71760,0,72010,76897,0
656,0001,2021-02-12 21:12:23.125,2,77324,71760,0,72010,76897,0
657,0001,2021-02-12 21:12:24.14,2,77324,71760,0,72010,76897,0
658,0001,2021-02-12 21:12:25.156,2,77324,71760,0,72010,76897,0
659,0001,2021-02-12 21:12:26.171,2,77324,71760,0,72010,76897,0
660,0001,2021-02-12 21:12:27.186,2,77324,71760,0,72010,76897,0
661,0001,2021-02-12 21:12:28.202,2,77324,71760,0,72010,76897,0
662,0001,2021-02-12 21:12:29.217,2,77324,71760,0,72010,76897,0
663,0001,2021-02-12 21:12:30.233,2,77324,71760,0,72010,76897,0
664,0001,2021-02-12 21:12:31.248,2,77324,71760,0,72010,76897,0
665,0001,2021-02-12 21:12:32.263,2,77324,71760,0,72010,76897,0
666,0001,2021-02-12 21:12:33.279,2,77324,71760,0,72010,76897,0
667,0001,2021-02-12 21:12:34.294,2,77324,71760,0,72010,76897,0
668,0001,2021-02-12 21:12:35.31,2,77324,71760,0,72010,76897,0
669,0001,2021-02-12 21:12:36.311,2,77324,71760,0,72010,76897,0
670,0001,2021-02-12 21:12:37.326,2,77324,71760,0,72010,76897,0
671,0001,2021-02-12 21:12:38.342,2,77324,71760,0,72010,76897,0
672,0001,2021-02-12 21:12:39.357,2,77324,71760,0,72010,76897,0
673,0001,2021-02-12 21:12:40.372,2,77324,71760,0,72010,76897,0
674,0001,2021-02-12 21:12:41.388,2,77324,71760,0,72010,76897,0
675,0001,2021-02-12 21:12:42.403,2,77324,71760,0,72010,76897,0
676,0001,2021-02-12 21:12:43.419,2,77324,71760,2,72010,76897,2
677,0001,2021-02-12 21:12:44.434,2,77324,71760,3,72010,76897,3
678,0001,2021-02-12 21:12:45.449,2,77324,71760,3,72010,76897,3
679,0001,2021-02-12 21:12:46.465,2,77324,71760,2,72010,76897,2
680,0001,2021-02-12 21:12:47.48,2,77324,71760,2,72010,76897,2
681,0001,2021-02-12 21:12:48.496,2,77324,71760,2,72010,76897,2
682,0001,2021-02-12 21:12:49.511,2,77324,71760,2,72010,76897,2
683,0001,2021-02-12 21:12:50.526,2,77324,71760,2,72010,76897,2
684,0001,2021-02-12 21:12:51.529,2,77324,71761,1,72011,76897,1
685,0001,2021-02-12 21:12:52.544,2,77324,71761,1,72011,76897,1
686,0001,2021-02-12 21:12:53.56,2,77324,71761,1,72011,76897,1
687,0001,2021-02-12 21:12:54.575,2,77324,71762,0,72012,76897,0
688,0001,2021-02-12 21:12:55.59,2,77324,71762,0,72012,76897,0
689,0001,2021-02-12 21:12:56.606,2,77324,71762,0,72012,76897,0
690,0001,2021-02-12 21:12:57.621,2,77324,71762,0,72012,76897,0
691,0001,2021-02-12 21:12:58.637,2,77324,71762,0,72012,76897,0
692,0001,2021-02-12 21:12:59.652,2,77324,71762,0,72012,76897,0
693,0001,2021-02-12 21:13:00.667,2,77324,71762,0,72012,76897,0
694,0001,2021-02-12 21:13:07.761,2,77324,71762,0,72012,76897,0
695,0001,2021-02-12 21:13:08.776,2,77324,71762,0,72012,76897,0
696,0001,2021-02-12 21:13:09.792,2,77324,71762,0,72012,76897,0
697,0001,2021-02-12 21:13:10.807,2,77324,71762,0,72012,76897,0
698,0001,2021-02-12 21:13:11.823,2,77324,71762,0,72012,76897,0
699,0001,2021-02-12 21:13:12.838,2,77324,71762,0,72012,76897,0
700,0001,2021-02-12 21:13:13.853,2,77324,71762,0,72012,76897,0
701,0001,2021-02-12 21:13:14.869,2,77324,71762,0,72012,76897,0
702,0001,2021-02-12 21:13:15.884,2,77324,71762,0,72012,76897,0
703,0001,2021-02-12 21:13:16.899,2,77324,71762,0,72012,76897,0
704,0001,2021-02-12 21:13:17.915,2,77324,71762,0,72012,76897,0
705,0001,2021-02-12 21:13:18.93,2,77324,71762,0,72012,76897,0
706,0001,2021-02-12 21:13:19.946,2,77324,71762,0,72012,76897,0
707,0001,2021-02-12 21:13:20.947,2,77324,71762,0,72012,76897,0
708,0001,2021-02-12 21:13:21.962,2,77324,71762,0,72012,76897,0
709,0001,2021-02-12 21:13:22.978,2,77324,71762,0,72012,76897,0
710,0001,2021-02-12 21:13:23.993,2,77324,71762,0,72012,76897,0
711,0001,2021-02-12 21:13:25.008,2,77324,71762,0,72012,76897,0
712,0001,2021-02-12 21:13:26.023,2,77324,71762,0,72012,76897,0
713,0001,2021-02-12 21:13:27.039,2,77324,71762,0,72012,76897,0
714,0001,2021-02-12 21:13:28.054,2,77324,71762,0,72012,76897,0
715,0001,2021-02-12 21:13:29.07,2,77324,71762,0,72012,76897,0
716,0001,2021-02-12 21:13:30.085,2,77324,71762,0,72012,76897,0
717,0001,2021-02-12 21:13:31.1,2,77324,71762,0,72012,76897,0
718,0001,2021-02-12 21:13:32.116,2,77324,71762,0,72012,76897,0
719,0001,2021-02-12 21:13:33.131,2,77324,71762,0,72012,76897,0
720,0001,2021-02-12 21:13:34.147,2,77324,71762,0,72012,76897,0
721,0001,2021-02-12 21:13:35.162,2,77324,71762,0,72012,76897,0
722,0001,2021-02-12 21:13:36.164,2,77324,71762,0,72012,76897,0
723,0001,2021-02-12 21:13:37.179,2,77324,71762,0,72012,76897,0
724,0001,2021-02-12 21:13:38.194,2,77324,71762,0,72012,76897,0
725,0001,2021-02-12 21:13:39.21,2,77324,71762,0,72012,76897,0
726,0001,2021-02-12 21:13:40.225,2,77324,71762,0,72012,76897,0
727,0001,2021-02-12 21:13:41.24,2,77324,71762,0,72012,76897,0
728,0001,2021-02-12 21:13:42.256,2,77324,71762,0,72012,76897,0
729,0001,2021-02-12 21:13:43.271,2,77324,71762,1,72012,76897,1
730,0001,2021-02-12 21:13:44.287,2,77324,71762,1,72012,76897,1
731,0001,2021-02-12 21:13:45.302,2,77324,71762,1,72012,76897,1
732,0001,2021-02-12 21:13:46.318,2,77324,71762,2,72012,76897,2
733,0001,2021-02-12 21:13:47.333,2,77324,71762,2,72012,76897,2
734,0001,2021-02-12 21:13:48.348,2,77324,71762,1,72012,76897,1
735,0001,2021-02-12 21:13:49.363,2,77324,71762,1,72012,76897,1
736,0001,2021-02-12 21:13:50.379,2,77324,71762,1,72012,76897,1
737,0001,2021-02-12 21:13:51.38,2,77324,71762,1,72012,76897,1
738,0001,2021-02-12 21:13:52.396,2,77325,71762,0,72012,76898,0
739,0001,2021-02-12 21:13:53.411,2,77325,71762,0,72012,76898,0
740,0001,2021-02-12 21:13:54.427,2,77325,71762,0,72012,76898,0
741,0001,2021-02-12 21:13:55.442,2,77325,71762,0,72012,76898,0
742,0001,2021-02-12 21:13:56.457,2,77325,71762,0,72012,76898,0
743,0001,2021-02-12 21:13:57.473,2,77325,71762,0,72012,76898,0
744,0001,2021-02-12 21:13:58.488,2,77325,71762,0,72012,76898,0
745,0001,2021-02-12 21:13:59.503,2,77325,71762,0,72012,76898,0
746,0001,2021-02-12 21:14:00.519,2,77325,71762,0,72012,76898,0
747,0001,2021-02-12 21:14:01.534,2,77325,71762,0,72012,76898,0
748,0001,2021-02-12 21:14:02.55,2,77325,71762,0,72012,76898,0
749,0001,2021-02-12 21:14:03.565,2,77325,71762,1,72012,76898,1
750,0001,2021-02-12 21:14:04.58,2,77325,71762,1,72012,76898,1
751,0001,2021-02-12 21:14:05.596,2,77325,71762,1,72012,76898,1
752,0001,2021-02-12 21:14:06.597,2,77325,71762,1,72012,76898,1
753,0001,2021-02-12 21:14:07.613,2,77325,71762,1,72012,76898,1
754,0001,2021-02-12 21:14:08.628,2,77325,71762,1,72012,76898,1
755,0001,2021-02-12 21:14:09.643,2,77325,71762,1,72012,76898,1
756,0001,2021-02-12 21:14:10.659,2,77325,71762,1,72012,76898,1
757,0001,2021-02-12 21:14:11.674,2,77325,71762,1,72012,76898,1
758,0001,2021-02-12 21:14:12.69,2,77325,71762,1,72012,76898,1
759,0001,2021-02-12 21:14:13.705,2,77326,71762,0,72012,76899,0
760,0001,2021-02-12 21:14:14.72,2,77326,71762,0,72012,76899,0
761,0001,2021-02-12 21:14:15.736,2,77326,71762,0,72012,76899,0
762,0001,2021-02-12 21:14:16.751,2,77326,71762,0,72012,76899,0
763,0001,2021-02-12 21:14:17.767,2,77326,71762,0,72012,76899,0
764,0001,2021-02-12 21:14:18.782,2,77326,71762,0,72012,76899,0
765,0001,2021-02-12 21:14:19.797,2,77326,71762,0,72012,76899,0
766,0001,2021-02-12 21:14:20.813,2,77326,71762,0,72012,76899,0
767,0001,2021-02-12 21:14:21.814,2,77326,71762,0,72012,76899,0
768,0001,2021-02-12 21:14:22.83,2,77326,71762,0,72012,76899,0
769,0001,2021-02-12 21:14:23.845,2,77326,71762,0,72012,76899,0
770,0001,2021-02-12 21:14:24.86,2,77326,71762,0,72012,76899,0
771,0001,2021-02-12 21:14:25.876,2,77326,71762,0,72012,76899,0
772,0001,2021-02-12 21:14:26.891,2,77326,71762,0,72012,76899,0
773,0001,2021-02-12 21:14:27.906,2,77326,71762,0,72012,76899,0
774,0001,2021-02-12 21:14:28.922,2,77326,71762,0,72012,76899,0
775,0001,2021-02-12 21:14:29.937,2,77326,71762,0,72012,76899,0
776,0001,2021-02-12 21:14:30.953,2,77326,71762,1,72012,76899,1
777,0001,2021-02-12 21:14:31.968,2,77326,71762,1,72012,76899,1
778,0001,2021-02-12 21:14:32.983,2,77326,71762,1,72012,76899,1
779,0001,2021-02-12 21:14:33.999,2,77326,71762,1,72012,76899,1
780,0001,2021-02-12 21:14:35.014,2,77326,71762,1,72012,76899,1
781,0001,2021-02-12 21:14:36.016,2,77326,71762,1,72012,76899,1
782,0001,2021-02-12 21:14:37.031,2,77326,71762,1,72012,76899,1
783,0001,2021-02-12 21:14:38.047,2,77326,71762,1,72012,76899,1
784,0001,2021-02-12 21:14:39.062,2,77326,71762,1,72012,76899,1
785,0001,2021-02-12 21:14:40.077,2,77326,71762,1,72012,76899,1
786,0001,2021-02-12 21:14:41.093,2,77326,71762,1,72012,76899,1
787,0001,2021-02-12 21:14:42.108,2,77326,71763,0,72013,76899,0
788,0001,2021-02-12 21:14:43.123,2,77326,71763,0,72013,76899,0
789,0001,2021-02-12 21:14:44.139,2,77326,71763,0,72013,76899,0
790,0001,2021-02-12 21:14:45.154,2,77326,71763,0,72013,76899,0
791,0001,2021-02-12 21:14:46.169,2,77326,71763,0,72013,76899,0
792,0001,2021-02-12 21:14:47.185,2,77326,71763,0,72013,76899,0
793,0001,2021-02-12 21:14:48.2,2,77326,71763,0,72013,76899,0
794,0001,2021-02-12 21:14:49.216,2,77326,71763,0,72013,76899,0
795,0001,2021-02-12 21:14:50.231,2,77326,71763,0,72013,76899,0
796,0001,2021-02-12 21:14:52.248,2,77326,71763,0,72013,76899,0
797,0001,2021-02-12 21:14:53.263,2,77326,71763,0,72013,76899,0
798,0001,2021-02-12 21:14:54.278,2,77326,71763,0,72013,76899,0
799,0001,2021-02-12 21:14:55.294,2,77326,71763,0,72013,76899,0
800,0001,2021-02-12 21:14:56.309,2,77326,71763,0,72013,76899,0
801,0001,2021-02-12 21:14:57.325,2,77326,71763,0,72013,76899,0
802,0001,2021-02-12 21:14:58.34,2,77326,71763,0,72013,76899,0
803,0001,2021-02-12 21:14:59.355,2,77326,71763,0,72013,76899,0
804,0001,2021-02-12 21:15:00.371,2,77326,71763,1,72013,76899,1
805,0001,2021-02-12 21:15:01.386,2,77326,71763,1,72013,76899,1
806,0001,2021-02-12 21:15:02.401,2,77326,71763,1,72013,76899,1
807,0001,2021-02-12 21:15:03.417,2,77326,71763,1,72013,76899,1
808,0001,2021-02-12 21:15:04.432,2,77326,71763,1,72013,76899,1
809,0001,2021-02-12 21:15:05.448,2,77326,71763,2,72013,76899,2
810,0001,2021-02-12 21:15:06.45,2,77326,71763,2,72013,76899,2
811,0001,2021-02-12 21:15:07.466,2,77326,71763,2,72013,76899,2
812,0001,2021-02-12 21:15:08.481,2,77326,71763,1,72013,76899,1
813,0001,2021-02-12 21:15:09.496,2,77327,71763,0,72013,76900,0
814,0001,2021-02-12 21:15:10.512,2,77327,71763,0,72013,76900,0
815,0001,2021-02-12 21:15:11.527,2,77327,71763,0,72013,76900,0
816,0001,2021-02-12 21:15:12.543,2,77327,71763,0,72013,76900,0
817,0001,2021-02-12 21:15:13.558,2,77327,71763,0,72013,76900,0
818,0001,2021-02-12 21:15:14.573,2,77327,71763,0,72013,76900,0
819,0001,2021-02-12 21:15:15.589,2,77327,71763,0,72013,76900,0
820,0001,2021-02-12 21:15:16.604,2,77327,71763,0,72013,76900,0
821,0001,2021-02-12 21:15:17.619,2,77327,71763,0,72013,76900,0
822,0001,2021-02-12 21:15:18.635,2,77327,71763,0,72013,76900,0
823,0001,2021-02-12 21:15:19.65,2,77327,71763,0,72013,76900,0
824,0001,2021-02-12 21:15:20.665,2,77327,71763,0,72013,76900,0
825,0001,2021-02-12 21:15:21.667,2,77327,71763,0,72013,76900,0
826,0001,2021-02-12 21:15:22.682,2,77327,71763,0,72013,76900,0
827,0001,2021-02-12 21:15:23.697,2,77327,71763,0,72013,76900,0
828,0001,2021-02-12 21:15:24.713,2,77327,71763,0,72013,76900,0
829,0001,2021-02-12 21:15:25.728,2,77327,71763,0,72013,76900,0
830,0001,2021-02-12 21:15:26.744,2,77327,71763,0,72013,76900,0
831,0001,2021-02-12 21:15:27.759,2,77327,71763,0,72013,76900,0
832,0001,2021-02-12 21:15:28.775,2,77327,71763,0,72013,76900,0
833,0001,2021-02-12 21:15:29.79,2,77327,71763,0,72013,76900,0
834,0001,2021-02-12 21:15:30.805,2,77327,71763,0,72013,76900,0
835,0001,2021-02-12 21:15:31.82,2,77327,71763,0,72013,76900,0
836,0001,2021-02-12 21:15:32.836,2,77327,71763,0,72013,76900,0
837,0001,2021-02-12 21:15:33.851,2,77327,71763,0,72013,76900,0
838,0001,2021-02-12 21:15:34.867,2,77327,71763,0,72013,76900,0
839,0001,2021-02-12 21:15:35.884,2,77327,71763,0,72013,76900,0
840,0001,2021-02-12 21:15:36.899,2,77327,71763,0,72013,76900,0
841,0001,2021-02-12 21:15:37.914,2,77327,71763,0,72013,76900,0
842,0001,2021-02-12 21:15:38.93,2,77327,71763,0,72013,76900,0
843,0001,2021-02-12 21:15:39.945,2,77327,71763,0,72013,76900,0
844,0001,2021-02-12 21:15:40.961,2,77327,71763,0,72013,76900,0
845,0001,2021-02-12 21:15:41.976,2,77327,71763,0,72013,76900,0
846,0001,2021-02-12 21:15:42.991,2,77327,71763,0,72013,76900,0
847,0001,2021-02-12 21:15:44.007,2,77327,71763,0,72013,76900,0
848,0001,2021-02-12 21:15:45.022,2,77327,71763,0,72013,76900,0
849,0001,2021-02-12 21:15:46.038,2,77327,71763,0,72013,76900,0
850,0001,2021-02-12 21:15:47.053,2,77327,71763,0,72013,76900,0
851,0001,2021-02-12 21:15:48.068,2,77327,71763,0,72013,76900,0
852,0001,2021-02-12 21:15:49.084,2,77327,71763,0,72013,76900,0
853,0001,2021-02-12 21:15:50.099,2,77327,71763,0,72013,76900,0
854,0001,2021-02-12 21:15:51.1,2,77327,71763,0,72013,76900,0
855,0001,2021-02-12 21:15:52.116,2,77327,71763,0,72013,76900,0
856,0001,2021-02-12 21:15:53.131,2,77327,71763,0,72013,76900,0
857,0001,2021-02-12 21:15:54.147,2,77327,71763,1,72013,76900,1
858,0001,2021-02-12 21:15:55.162,2,77327,71763,1,72013,76900,1
859,0001,2021-02-12 21:15:56.177,2,77327,71763,1,72013,76900,1
860,0001,2021-02-12 21:15:57.193,2,77327,71763,1,72013,76900,1
861,0001,2021-02-12 21:15:58.208,2,77327,71763,1,72013,76900,1
862,0001,2021-02-12 21:15:59.223,2,77327,71763,1,72013,76900,1
863,0001,2021-02-12 21:16:00.239,2,77327,71763,1,72013,76900,1
864,0001,2021-02-12 21:16:01.254,2,77327,71763,1,72013,76900,1
865,0001,2021-02-12 21:16:02.27,2,77327,71764,0,72014,76900,0
866,0001,2021-02-12 21:16:03.285,2,77327,71764,0,72014,76900,0
867,0001,2021-02-12 21:16:04.3,2,77327,71764,0,72014,76900,0
868,0001,2021-02-12 21:16:05.316,2,77327,71764,0,72014,76900,0
869,0001,2021-02-12 21:16:06.317,2,77327,71764,0,72014,76900,0
870,0001,2021-02-12 21:16:08.348,2,77327,71764,0,72014,76900,0
871,0001,2021-02-12 21:16:09.363,2,77327,71764,0,72014,76900,0
872,0001,2021-02-12 21:16:10.379,2,77327,71764,0,72014,76900,0
873,0001,2021-02-12 21:16:11.394,2,77327,71764,0,72014,76900,0
874,0001,2021-02-12 21:16:12.409,2,77327,71764,0,72014,76900,0
875,0001,2021-02-12 21:16:13.425,2,77327,71764,0,72014,76900,0
876,0001,2021-02-12 21:16:14.44,2,77327,71764,0,72014,76900,0
877,0001,2021-02-12 21:16:15.455,2,77327,71764,0,72014,76900,0
878,0001,2021-02-12 21:16:16.471,2,77327,71764,0,72014,76900,0
879,0001,2021-02-12 21:16:17.486,2,77327,71764,0,72014,76900,0
880,0001,2021-02-12 21:16:18.502,2,77327,71764,0,72014,76900,0
881,0001,2021-02-12 21:16:19.517,2,77327,71764,0,72014,76900,0
882,0001,2021-02-12 21:16:20.532,2,77327,71764,0,72014,76900,0
883,0001,2021-02-12 21:16:21.534,2,77327,71764,0,72014,76900,0
884,0001,2021-02-12 21:16:22.549,2,77327,71764,1,72014,76900,1
885,0001,2021-02-12 21:16:23.565,2,77327,71764,1,72014,76900,1
886,0001,2021-02-12 21:16:24.58,2,77327,71764,1,72014,76900,1
887,0001,2021-02-12 21:16:25.595,2,77327,71764,1,72014,76900,1
888,0001,2021-02-12 21:16:26.611,2,77327,71764,1,72014,76900,1
889,0001,2021-02-12 21:16:27.626,2,77327,71764,1,72014,76900,1
890,0001,2021-02-12 21:16:28.642,2,77327,71764,1,72014,76900,1
891,0001,2021-02-12 21:16:29.657,2,77327,71764,1,72014,76900,1
892,0001,2021-02-12 21:16:30.672,2,77327,71764,1,72014,76900,1
893,0001,2021-02-12 21:16:31.688,2,77327,71764,1,72014,76900,1
894,0001,2021-02-12 21:16:32.703,2,77327,71765,0,72015,76900,0
895,0001,2021-02-12 21:16:33.719,2,77327,71765,0,72015,76900,0
896,0001,2021-02-12 21:16:34.734,2,77327,71765,0,72015,76900,0
897,0001,2021-02-12 21:16:35.749,2,77327,71765,0,72015,76900,0
898,0001,2021-02-12 21:16:36.751,2,77327,71765,2,72015,76900,2
899,0001,2021-02-12 21:16:37.766,2,77327,71765,2,72015,76900,2
900,0001,2021-02-12 21:16:38.781,2,77327,71765,2,72015,76900,2
901,0001,2021-02-12 21:16:39.797,2,77327,71765,2,72015,76900,2
902,0001,2021-02-12 21:16:40.812,2,77327,71765,2,72015,76900,2
903,0001,2021-02-12 21:16:41.827,2,77327,71765,2,72015,76900,2
904,0001,2021-02-12 21:16:42.843,2,77327,71765,2,72015,76900,2
905,0001,2021-02-12 21:16:43.858,2,77327,71765,2,72015,76900,2
906,0001,2021-02-12 21:16:44.873,2,77327,71765,2,72015,76900,2
907,0001,2021-02-12 21:16:45.889,2,77328,71765,1,72015,76901,1
908,0001,2021-02-12 21:16:46.905,2,77329,71765,0,72015,76902,0
909,0001,2021-02-12 21:16:47.92,2,77329,71765,1,72015,76902,1
910,0001,2021-02-12 21:16:48.935,2,77329,71765,1,72015,76902,1
911,0001,2021-02-12 21:16:49.951,2,77329,71765,1,72015,76902,1
912,0001,2021-02-12 21:16:50.952,2,77329,71765,1,72015,76902,1
913,0001,2021-02-12 21:16:51.967,2,77329,71765,1,72015,76902,1
914,0001,2021-02-12 21:16:52.983,2,77329,71765,2,72015,76902,2
915,0001,2021-02-12 21:16:53.998,2,77329,71765,2,72015,76902,2
916,0001,2021-02-12 21:16:55.014,2,77329,71765,2,72015,76902,2
917,0001,2021-02-12 21:16:56.029,2,77329,71765,2,72015,76902,2
918,0001,2021-02-12 21:16:57.044,2,77329,71765,2,72015,76902,2
919,0001,2021-02-12 21:16:58.06,2,77329,71765,2,72015,76902,2
920,0001,2021-02-12 21:16:59.075,2,77330,71765,1,72015,76903,1
921,0001,2021-02-12 21:17:00.09,2,77330,71765,1,72015,76903,1
922,0001,2021-02-12 21:17:01.106,2,77330,71765,1,72015,76903,1
923,0001,2021-02-12 21:17:02.121,2,77330,71765,1,72015,76903,1
924,0001,2021-02-12 21:17:03.137,2,77330,71765,1,72015,76903,1
925,0001,2021-02-12 21:17:04.152,2,77330,71765,1,72015,76903,1
926,0001,2021-02-12 21:17:05.167,2,77330,71765,1,72015,76903,1
927,0001,2021-02-12 21:17:06.183,2,77330,71766,0,72016,76903,0
928,0001,2021-02-12 21:17:07.198,2,77330,71766,0,72016,76903,0
929,0001,2021-02-12 21:17:08.199,2,77330,71766,0,72016,76903,0
930,0001,2021-02-12 21:17:09.215,2,77330,71766,1,72016,76903,1
931,0001,2021-02-12 21:17:10.216,2,77330,71766,1,72016,76903,1
932,0001,2021-02-12 21:17:11.229,2,77330,71766,1,72016,76903,1
933,0001,2021-02-12 21:17:12.23,2,77330,71766,1,72016,76903,1
934,0001,2021-02-12 21:17:13.246,2,77330,71766,1,72016,76903,1
935,0001,2021-02-12 21:17:14.261,2,77330,71766,1,72016,76903,1
936,0001,2021-02-12 21:17:15.277,2,77330,71766,1,72016,76903,1
937,0001,2021-02-12 21:17:16.278,2,77330,71766,1,72016,76903,1
938,0001,2021-02-12 21:17:17.293,2,77330,71766,1,72016,76903,1
939,0001,2021-02-12 21:17:18.309,2,77330,71767,0,72017,76903,0
940,0001,2021-02-12 21:17:19.324,2,77330,71767,0,72017,76903,0
941,0001,2021-02-12 21:17:20.339,2,77330,71767,0,72017,76903,0
942,0001,2021-02-12 21:17:21.341,2,77330,71767,0,72017,76903,0
943,0001,2021-02-12 21:17:22.356,2,77330,71767,1,72017,76903,1
944,0001,2021-02-12 21:17:23.372,2,77330,71767,1,72017,76903,1
945,0001,2021-02-12 21:17:24.387,2,77330,71767,1,72017,76903,1
946,0001,2021-02-12 21:17:25.402,2,77330,71767,1,72017,76903,1
947,0001,2021-02-12 21:17:26.418,2,77330,71767,1,72017,76903,1
948,0001,2021-02-12 21:17:27.433,2,77330,71767,1,72017,76903,1
949,0001,2021-02-12 21:17:28.448,2,77330,71767,1,72017,76903,1
950,0001,2021-02-12 21:17:29.464,2,77330,71767,1,72017,76903,1
951,0001,2021-02-12 21:17:30.479,2,77330,71767,1,72017,76903,1
952,0001,2021-02-12 21:17:31.495,2,77330,71767,1,72017,76903,1
953,0001,2021-02-12 21:17:32.51,2,77330,71768,0,72018,76903,0
954,0001,2021-02-12 21:17:33.525,2,77330,71768,0,72018,76903,0
955,0001,2021-02-12 21:17:34.541,2,77330,71768,0,72018,76903,0
956,0001,2021-02-12 21:17:35.556,2,77330,71768,0,72018,76903,0
957,0001,2021-02-12 21:17:36.558,2,77330,71768,0,72018,76903,0
958,0001,2021-02-12 21:17:37.573,2,77330,71768,0,72018,76903,0
959,0001,2021-02-12 21:17:38.588,2,77330,71768,0,72018,76903,0
960,0001,2021-02-12 21:17:39.603,2,77330,71768,0,72018,76903,0
961,0001,2021-02-12 21:17:40.619,2,77330,71768,0,72018,76903,0
962,0001,2021-02-12 21:17:41.634,2,77330,71768,0,72018,76903,0
963,0001,2021-02-12 21:17:42.65,2,77330,71768,0,72018,76903,0
964,0001,2021-02-12 21:17:43.665,2,77330,71768,0,72018,76903,0
965,0001,2021-02-12 21:17:44.68,2,77330,71768,0,72018,76903,0
966,0001,2021-02-12 21:17:45.696,2,77330,71768,0,72018,76903,0
967,0001,2021-02-12 21:17:46.712,2,77330,71768,0,72018,76903,0
968,0001,2021-02-12 21:17:47.727,2,77330,71768,0,72018,76903,0
969,0001,2021-02-12 21:17:48.742,2,77330,71768,0,72018,76903,0
970,0001,2021-02-12 21:17:49.758,2,77330,71768,0,72018,76903,0
971,0001,2021-02-12 21:17:50.773,2,77330,71768,0,72018,76903,0
972,0001,2021-02-12 21:17:51.774,2,77330,71768,0,72018,76903,0
973,0001,2021-02-12 21:17:52.79,2,77330,71768,0,72018,76903,0
974,0001,2021-02-12 21:17:53.805,2,77330,71768,0,72018,76903,0
975,0001,2021-02-12 21:17:54.821,2,77330,71768,0,72018,76903,0
976,0001,2021-02-12 21:17:55.836,2,77330,71768,1,72018,76903,1
977,0001,2021-02-12 21:17:56.851,2,77330,71768,1,72018,76903,1
978,0001,2021-02-12 21:17:57.865,2,77330,71768,1,72018,76903,1
979,0001,2021-02-12 21:17:58.88,2,77330,71768,1,72018,76903,1
980,0001,2021-02-12 21:17:59.896,2,77330,71768,1,72018,76903,1
981,0001,2021-02-12 21:18:00.911,2,77330,71768,1,72018,76903,1
982,0001,2021-02-12 21:18:01.926,2,77330,71768,1,72018,76903,1
983,0001,2021-02-12 21:18:02.942,2,77330,71768,1,72018,76903,1
984,0001,2021-02-12 21:18:03.957,2,77330,71768,1,72018,76903,1
985,0001,2021-02-12 21:18:04.973,2,77330,71768,1,72018,76903,1
986,0001,2021-02-12 21:18:05.974,2,77330,71769,0,72019,76903,0
987,0001,2021-02-12 21:18:06.989,2,77330,71769,0,72019,76903,0
988,0001,2021-02-12 21:18:08.005,2,77330,71769,0,72019,76903,0
989,0001,2021-02-12 21:18:09.02,2,77330,71769,2,72019,76903,2
990,0001,2021-02-12 21:18:10.035,2,77330,71769,4,72019,76903,4
991,0001,2021-02-12 21:18:11.051,2,77330,71769,5,72019,76903,5
992,0001,2021-02-12 21:18:12.066,2,77330,71769,5,72019,76903,5
993,0001,2021-02-12 21:18:13.082,2,77330,71769,5,72019,76903,5
994,0001,2021-02-12 21:18:14.097,2,77330,71769,5,72019,76903,5
995,0001,2021-02-12 21:18:15.112,2,77330,71769,5,72019,76903,5
996,0001,2021-02-12 21:18:16.128,2,77330,71769,5,72019,76903,5
997,0001,2021-02-12 21:18:17.143,2,77330,71770,4,72020,76903,4
998,0001,2021-02-12 21:18:18.158,2,77330,71770,4,72020,76903,4
999,0001,2021-02-12 21:18:19.174,2,77330,71772,2,72022,76903,2
1000,0001,2021-02-12 21:18:20.189,2,77330,71773,1,72023,76903,1
1001,0001,2021-02-12 21:18:21.191,2,77330,71773,0,72023,76903,0
1002,0001,2021-02-12 21:18:22.206,2,77330,71773,0,72023,76903,0
1003,0001,2021-02-12 21:18:23.222,2,77330,71773,0,72023,76903,0
1004,0001,2021-02-12 21:18:24.237,2,77330,71773,0,72023,76903,0
1005,0001,2021-02-12 21:18:25.252,2,77330,71773,0,72023,76903,0
1006,0001,2021-02-12 21:18:26.268,2,77330,71773,0,72023,76903,0
1007,0001,2021-02-12 21:18:27.283,2,77330,71773,0,72023,76903,0
1008,0001,2021-02-12 21:18:28.298,2,77330,71773,0,72023,76903,0
1009,0001,2021-02-12 21:18:29.314,2,77330,71773,0,72023,76903,0
1010,0001,2021-02-12 21:18:30.329,2,77330,71773,0,72023,76903,0
1011,0001,2021-02-12 21:18:31.345,2,77330,71773,0,72023,76903,0
1012,0001,2021-02-12 21:18:32.36,2,77330,71773,0,72023,76903,0
1013,0001,2021-02-12 21:18:33.375,2,77330,71773,1,72023,76903,1
1014,0001,2021-02-12 21:18:34.391,2,77330,71773,1,72023,76903,1
1015,0001,2021-02-12 21:18:35.406,2,77330,71773,1,72023,76903,1
1016,0001,2021-02-12 21:18:36.407,2,77330,71773,1,72023,76903,1
1017,0001,2021-02-12 21:18:37.423,2,77330,71773,1,72023,76903,1
1018,0001,2021-02-12 21:18:38.438,2,77330,71773,1,72023,76903,1
1019,0001,2021-02-12 21:18:39.453,2,77330,71773,1,72023,76903,1
1020,0001,2021-02-12 21:18:40.469,2,77330,71773,1,72023,76903,1
1021,0001,2021-02-12 21:18:41.484,2,77330,71773,1,72023,76903,1
1022,0001,2021-02-12 21:18:42.5,2,77330,71773,1,72023,76903,1
1023,0001,2021-02-12 21:18:43.515,2,77330,71773,1,72023,76903,1
1024,0001,2021-02-12 21:18:44.53,2,77330,71773,1,72023,76903,1
1025,0001,2021-02-12 21:18:45.546,2,77330,71773,1,72023,76903,1
1026,0001,2021-02-12 21:18:46.561,2,77330,71773,1,72023,76903,1
1027,0001,2021-02-12 21:18:47.577,2,77330,71774,0,72024,76903,0
1028,0001,2021-02-12 21:18:48.592,2,77330,71774,0,72024,76903,0
1029,0001,2021-02-12 21:18:49.607,2,77330,71774,0,72024,76903,0
1030,0001,2021-02-12 21:18:50.623,2,77330,71774,0,72024,76903,0
1031,0001,2021-02-12 21:18:51.624,2,77330,71774,0,72024,76903,0
1032,0001,2021-02-12 21:18:52.639,2,77330,71774,0,72024,76903,0
1033,0001,2021-02-12 21:18:53.655,2,77330,71774,0,72024,76903,0
1034,0001,2021-02-12 21:18:54.67,2,77330,71774,0,72024,76903,0
1035,0001,2021-02-12 21:18:55.686,2,77330,71774,0,72024,76903,0
1036,0001,2021-02-12 21:18:56.701,2,77330,71774,0,72024,76903,0
1037,0001,2021-02-12 21:18:57.717,2,77330,71774,0,72024,76903,0
1038,0001,2021-02-12 21:18:58.732,2,77330,71774,0,72024,76903,0
1039,0001,2021-02-12 21:18:59.747,2,77330,71774,0,72024,76903,0
1040,0001,2021-02-12 21:19:00.763,2,77330,71774,0,72024,76903,0
1041,0001,2021-02-12 21:19:01.778,2,77330,71774,0,72024,76903,0
1042,0001,2021-02-12 21:19:02.793,2,77330,71774,0,72024,76903,0
1043,0001,2021-02-12 21:19:03.809,2,77330,71774,0,72024,76903,0
1044,0001,2021-02-12 21:19:04.824,2,77330,71774,0,72024,76903,0
1045,0001,2021-02-12 21:19:05.84,2,77330,71774,0,72024,76903,0
1046,0001,2021-02-12 21:19:06.841,2,77330,71774,0,72024,76903,0
1047,0001,2021-02-12 21:19:07.856,2,77330,71774,0,72024,76903,0
1048,0001,2021-02-12 21:19:08.872,2,77330,71774,0,72024,76903,0
1049,0001,2021-02-12 21:19:09.887,2,77330,71774,0,72024,76903,0
1050,0001,2021-02-12 21:19:10.903,2,77330,71774,0,72024,76903,0
1051,0001,2021-02-12 21:19:11.918,2,77330,71774,0,72024,76903,0
1052,0001,2021-02-12 21:19:12.933,2,77330,71774,0,72024,76903,0
1053,0001,2021-02-12 21:19:13.949,2,77330,71774,0,72024,76903,0
1054,0001,2021-02-12 21:19:14.964,2,77330,71774,1,72024,76903,1
1055,0001,2021-02-12 21:19:15.979,2,77330,71774,1,72024,76903,1
1056,0001,2021-02-12 21:19:16.995,2,77330,71774,1,72024,76903,1
1057,0001,2021-02-12 21:19:18.01,2,77330,71774,1,72024,76903,1
1058,0001,2021-02-12 21:19:19.026,2,77330,71774,2,72024,76903,2
1059,0001,2021-02-12 21:19:20.041,2,77330,71774,2,72024,76903,2
1060,0001,2021-02-12 21:19:21.044,2,77330,71774,2,72024,76903,2
1061,0001,2021-02-12 21:19:22.059,2,77330,71774,2,72024,76903,2
1062,0001,2021-02-12 21:19:23.075,2,77330,71774,2,72024,76903,2
1063,0001,2021-02-12 21:19:24.09,2,77330,71774,2,72024,76903,2
1064,0001,2021-02-12 21:19:25.105,2,77330,71775,1,72025,76903,1
1065,0001,2021-02-12 21:19:26.121,2,77330,71775,1,72025,76903,1
1066,0001,2021-02-12 21:19:27.136,2,77330,71775,1,72025,76903,1
1067,0001,2021-02-12 21:19:28.151,2,77330,71775,1,72025,76903,1
1068,0001,2021-02-12 21:19:29.167,2,77330,71776,0,72026,76903,0
1069,0001,2021-02-12 21:19:30.182,2,77330,71776,0,72026,76903,0
1070,0001,2021-02-12 21:19:31.198,2,77330,71776,0,72026,76903,0
1071,0001,2021-02-12 21:19:32.213,2,77330,71776,0,72026,76903,0
1072,0001,2021-02-12 21:19:33.228,2,77330,71776,1,72026,76903,1
1073,0001,2021-02-12 21:19:34.243,2,77330,71776,1,72026,76903,1
1074,0001,2021-02-12 21:19:35.259,2,77330,71776,1,72026,76903,1
1075,0001,2021-02-12 21:19:36.26,2,77330,71776,1,72026,76903,1
1076,0001,2021-02-12 21:19:37.276,2,77330,71776,1,72026,76903,1
1077,0001,2021-02-12 21:19:38.291,2,77330,71776,1,72026,76903,1
1078,0001,2021-02-12 21:19:39.307,2,77330,71776,1,72026,76903,1
1079,0001,2021-02-12 21:19:40.322,2,77330,71776,1,72026,76903,1
1080,0001,2021-02-12 21:19:41.337,2,77330,71776,1,72026,76903,1
1081,0001,2021-02-12 21:19:42.353,2,77330,71776,1,72026,76903,1
1082,0001,2021-02-12 21:19:43.368,2,77330,71776,1,72026,76903,1
1083,0001,2021-02-12 21:19:44.384,2,77330,71776,1,72026,76903,1
1084,0001,2021-02-12 21:19:45.399,2,77330,71776,1,72026,76903,1
1085,0001,2021-02-12 21:19:46.414,2,77330,71777,0,72027,76903,0
1086,0001,2021-02-12 21:19:47.43,2,77330,71777,0,72027,76903,0
1087,0001,2021-02-12 21:19:48.445,2,77330,71777,0,72027,76903,0
1088,0001,2021-02-12 21:19:49.461,2,77330,71777,0,72027,76903,0
1089,0001,2021-02-12 21:19:50.476,2,77330,71777,0,72027,76903,0
1090,0001,2021-02-12 21:19:51.477,2,77330,71777,0,72027,76903,0
1091,0001,2021-02-12 21:19:52.493,2,77330,71777,0,72027,76903,0
1092,0001,2021-02-12 21:19:53.508,2,77330,71777,0,72027,76903,0
1093,0001,2021-02-12 21:19:54.523,2,77330,71777,0,72027,76903,0
1094,0001,2021-02-12 21:19:55.539,2,77330,71777,0,72027,76903,0
1095,0001,2021-02-12 21:19:56.554,2,77330,71777,0,72027,76903,0
1096,0001,2021-02-12 21:19:57.569,2,77330,71777,0,72027,76903,0
1097,0001,2021-02-12 21:19:58.585,2,77330,71777,0,72027,76903,0
1098,0001,2021-02-12 21:19:59.6,2,77330,71777,0,72027,76903,0
1099,0001,2021-02-12 21:20:00.616,2,77330,71777,0,72027,76903,0
1100,0001,2021-02-12 21:20:01.631,2,77330,71777,0,72027,76903,0
1101,0001,2021-02-12 21:20:02.646,2,77330,71777,0,72027,76903,0
1102,0001,2021-02-12 21:20:03.662,2,77330,71777,0,72027,76903,0
1103,0001,2021-02-12 21:20:04.677,2,77330,71777,0,72027,76903,0
1104,0001,2021-02-12 21:20:05.693,2,77330,71777,0,72027,76903,0
1105,0001,2021-02-12 21:20:06.694,2,77330,71777,0,72027,76903,0
1106,0001,2021-02-12 21:20:07.709,2,77330,71777,1,72027,76903,1
1107,0001,2021-02-12 21:20:08.725,2,77330,71777,1,72027,76903,1
1108,0001,2021-02-12 21:20:09.74,2,77330,71777,1,72027,76903,1
1109,0001,2021-02-12 21:20:10.755,2,77330,71777,1,72027,76903,1
1110,0001,2021-02-12 21:20:11.771,2,77330,71777,1,72027,76903,1
1111,0001,2021-02-12 21:20:12.786,2,77330,71777,1,72027,76903,1
1112,0001,2021-02-12 21:20:13.802,2,77330,71777,1,72027,76903,1
1113,0001,2021-02-12 21:20:14.817,2,77330,71777,1,72027,76903,1
1114,0001,2021-02-12 21:20:15.832,2,77330,71777,1,72027,76903,1
1115,0001,2021-02-12 21:20:16.848,2,77330,71777,1,72027,76903,1
1116,0001,2021-02-12 21:20:17.863,2,77330,71778,0,72028,76903,0
1117,0001,2021-02-12 21:20:18.879,2,77330,71778,1,72028,76903,1
1118,0001,2021-02-12 21:20:19.894,2,77330,71778,1,72028,76903,1
1119,0001,2021-02-12 21:20:20.895,2,77330,71778,1,72028,76903,1
1120,0001,2021-02-12 21:20:21.911,2,77330,71778,1,72028,76903,1
1121,0001,2021-02-12 21:20:22.926,2,77330,71778,1,72028,76903,1
1122,0001,2021-02-12 21:20:23.942,2,77330,71778,1,72028,76903,1
1123,0001,2021-02-12 21:20:24.957,2,77330,71778,1,72028,76903,1
1124,0001,2021-02-12 21:20:25.972,2,77330,71778,1,72028,76903,1
1125,0001,2021-02-12 21:20:26.988,2,77330,71778,1,72028,76903,1
1126,0001,2021-02-12 21:20:28.003,2,77330,71778,1,72028,76903,1
1127,0001,2021-02-12 21:20:29.018,2,77330,71778,3,72028,76903,3
1128,0001,2021-02-12 21:20:30.034,2,77330,71779,3,72029,76903,3
1129,0001,2021-02-12 21:20:31.049,2,77330,71779,3,72029,76903,3
1130,0001,2021-02-12 21:20:32.064,2,77330,71779,3,72029,76903,3
1131,0001,2021-02-12 21:20:33.08,2,77330,71779,4,72029,76903,4
1132,0001,2021-02-12 21:20:34.095,2,77330,71779,4,72029,76903,4
1133,0001,2021-02-12 21:20:35.111,2,77330,71779,2,72029,76903,2
1134,0001,2021-02-12 21:20:36.112,2,77330,71779,2,72029,76903,2
1135,0001,2021-02-12 21:20:37.127,2,77330,71779,2,72029,76903,2
1136,0001,2021-02-12 21:20:38.143,2,77330,71779,2,72029,76903,2
1137,0001,2021-02-12 21:20:39.158,2,77330,71779,2,72029,76903,2
1138,0001,2021-02-12 21:20:40.174,2,77330,71779,2,72029,76903,2
1139,0001,2021-02-12 21:20:41.189,2,77331,71779,1,72029,76904,1
1140,0001,2021-02-12 21:20:42.204,2,77332,71779,0,72029,76905,0
1141,0001,2021-02-12 21:20:43.22,2,77332,71779,0,72029,76905,0
1142,0001,2021-02-12 21:20:44.235,2,77332,71779,0,72029,76905,0
1143,0001,2021-02-12 21:20:45.251,2,77332,71779,0,72029,76905,0
1144,0001,2021-02-12 21:20:46.266,2,77332,71779,0,72029,76905,0
1145,0001,2021-02-12 21:20:47.281,2,77332,71779,0,72029,76905,0
1146,0001,2021-02-12 21:20:48.296,2,77332,71779,0,72029,76905,0
1147,0001,2021-02-12 21:20:49.312,2,77332,71779,0,72029,76905,0
1148,0001,2021-02-12 21:20:50.327,2,77332,71779,0,72029,76905,0
1149,0001,2021-02-12 21:20:51.329,2,77332,71779,0,72029,76905,0
1150,0001,2021-02-12 21:20:52.344,2,77332,71779,0,72029,76905,0
1151,0001,2021-02-12 21:20:53.36,2,77332,71779,0,72029,76905,0
1152,0001,2021-02-12 21:20:54.375,2,77332,71779,0,72029,76905,0
1153,0001,2021-02-12 21:21:06.53,2,77332,71779,0,72029,76905,0
1154,0001,2021-02-12 21:21:07.545,2,77332,71779,0,72029,76905,0
1155,0001,2021-02-12 21:21:08.561,2,77332,71779,0,72029,76905,0
1156,0001,2021-02-12 21:21:09.576,2,77332,71779,0,72029,76905,0
1157,0001,2021-02-12 21:21:10.591,2,77332,71779,0,72029,76905,0
1158,0001,2021-02-12 21:21:11.607,2,77332,71779,0,72029,76905,0
1159,0001,2021-02-12 21:21:12.622,2,77332,71779,0,72029,76905,0
1160,0001,2021-02-12 21:21:13.638,2,77332,71779,0,72029,76905,0
1161,0001,2021-02-12 21:21:14.653,2,77332,71779,0,72029,76905,0
1162,0001,2021-02-12 21:21:15.668,2,77332,71779,1,72029,76905,1
1163,0001,2021-02-12 21:21:16.684,2,77332,71779,1,72029,76905,1
1164,0001,2021-02-12 21:21:17.699,2,77332,71779,1,72029,76905,1
1165,0001,2021-02-12 21:21:18.715,2,77332,71779,1,72029,76905,1
1166,0001,2021-02-12 21:21:19.73,2,77332,71779,1,72029,76905,1
1167,0001,2021-02-12 21:21:20.745,2,77332,71779,1,72029,76905,1
1168,0001,2021-02-12 21:21:21.747,2,77332,71779,1,72029,76905,1
1169,0001,2021-02-12 21:21:22.762,2,77332,71779,1,72029,76905,1
1170,0001,2021-02-12 21:21:23.777,2,77332,71779,1,72029,76905,1
1171,0001,2021-02-12 21:21:24.793,2,77332,71779,1,72029,76905,1
1172,0001,2021-02-12 21:21:25.808,2,77332,71779,1,72029,76905,1
1173,0001,2021-02-12 21:21:26.824,2,77332,71779,1,72029,76905,1
1174,0001,2021-02-12 21:21:27.839,2,77332,71780,0,72030,76905,0
1175,0001,2021-02-12 21:21:28.854,2,77332,71780,0,72030,76905,0
1176,0001,2021-02-12 21:21:29.87,2,77332,71780,0,72030,76905,0
1177,0001,2021-02-12 21:21:30.885,2,77332,71780,0,72030,76905,0
1178,0001,2021-02-12 21:21:31.9,2,77332,71780,0,72030,76905,0
1179,0001,2021-02-12 21:21:32.916,2,77332,71780,0,72030,76905,0
1180,0001,2021-02-12 21:21:33.931,2,77332,71780,0,72030,76905,0
1181,0001,2021-02-12 21:21:34.947,2,77332,71780,0,72030,76905,0
1182,0001,2021-02-12 21:21:35.947,2,77332,71780,0,72030,76905,0
1183,0001,2021-02-12 21:21:36.963,2,77332,71780,0,72030,76905,0
1184,0001,2021-02-12 21:21:37.978,2,77332,71780,0,72030,76905,0
1185,0001,2021-02-12 21:21:38.993,2,77332,71780,0,72030,76905,0
1186,0001,2021-02-12 21:21:40.009,2,77332,71780,2,72030,76905,2
1187,0001,2021-02-12 21:21:41.024,2,77332,71780,3,72030,76905,3
1188,0001,2021-02-12 21:21:42.04,2,77332,71780,3,72030,76905,3
1189,0001,2021-02-12 21:21:43.055,2,77332,71780,3,72030,76905,3
1190,0001,2021-02-12 21:21:44.07,2,77332,71780,2,72030,76905,2
1191,0001,2021-02-12 21:21:45.086,2,77332,71780,3,72030,76905,3
1192,0001,2021-02-12 21:21:46.101,2,77332,71780,3,72030,76905,3
1193,0001,2021-02-12 21:21:47.116,2,77332,71780,3,72030,76905,3
1194,0001,2021-02-12 21:21:48.132,2,77332,71780,3,72030,76905,3
1195,0001,2021-02-12 21:21:49.147,2,77332,71781,2,72031,76905,2
1196,0001,2021-02-12 21:21:50.163,2,77332,71783,0,72033,76905,0
1197,0001,2021-02-12 21:21:51.164,2,77332,71783,0,72033,76905,0
1198,0001,2021-02-12 21:21:52.179,2,77332,71783,0,72033,76905,0
1199,0001,2021-02-12 21:21:53.195,2,77332,71783,0,72033,76905,0
1200,0001,2021-02-12 21:21:54.21,2,77332,71783,0,72033,76905,0
1201,0001,2021-02-12 21:21:55.226,2,77332,71783,0,72033,76905,0
1202,0001,2021-02-12 21:21:56.241,2,77332,71783,0,72033,76905,0
1203,0001,2021-02-12 21:21:57.256,2,77332,71783,0,72033,76905,0
1204,0001,2021-02-12 21:21:58.272,2,77332,71783,0,72033,76905,0
1205,0001,2021-02-12 21:21:59.287,2,77332,71783,0,72033,76905,0
1206,0001,2021-02-12 21:22:00.303,2,77332,71783,0,72033,76905,0
1207,0001,2021-02-12 21:22:01.318,2,77332,71783,0,72033,76905,0
1208,0001,2021-02-12 21:22:02.333,2,77332,71783,0,72033,76905,0
1209,0001,2021-02-12 21:22:03.348,2,77332,71783,0,72033,76905,0
1210,0001,2021-02-12 21:22:04.364,2,77332,71783,0,72033,76905,0
1211,0001,2021-02-12 21:22:06.381,2,77332,71783,0,72033,76905,0
1212,0001,2021-02-12 21:22:07.396,2,77332,71783,0,72033,76905,0
1213,0001,2021-02-12 21:22:08.412,2,77332,71783,0,72033,76905,0
1214,0001,2021-02-12 21:22:09.427,2,77332,71783,0,72033,76905,0
1215,0001,2021-02-12 21:22:10.442,2,77332,71783,1,72033,76905,1
1216,0001,2021-02-12 21:22:11.458,2,77332,71783,1,72033,76905,1
1217,0001,2021-02-12 21:22:12.473,2,77332,71783,1,72033,76905,1
1218,0001,2021-02-12 21:22:13.488,2,77332,71783,1,72033,76905,1
1219,0001,2021-02-12 21:22:14.504,2,77332,71783,1,72033,76905,1
1220,0001,2021-02-12 21:22:15.519,2,77332,71783,1,72033,76905,1
1221,0001,2021-02-12 21:22:16.535,2,77332,71783,1,72033,76905,1
1222,0001,2021-02-12 21:22:17.55,2,77332,71783,1,72033,76905,1
1223,0001,2021-02-12 21:22:18.565,2,77332,71783,2,72033,76905,2
1224,0001,2021-02-12 21:22:19.581,2,77332,71783,2,72033,76905,2
1225,0001,2021-02-12 21:22:20.596,2,77333,71783,1,72033,76906,1
1226,0001,2021-02-12 21:22:21.597,2,77333,71783,1,72033,76906,1
1227,0001,2021-02-12 21:22:22.613,2,77333,71783,1,72033,76906,1
1228,0001,2021-02-12 21:22:23.628,2,77333,71783,1,72033,76906,1
1229,0001,2021-02-12 21:22:24.644,2,77333,71783,1,72033,76906,1
1230,0001,2021-02-12 21:22:25.659,2,77333,71783,1,72033,76906,1
1231,0001,2021-02-12 21:22:26.674,2,77333,71783,1,72033,76906,1
1232,0001,2021-02-12 21:22:27.69,2,77334,71783,0,72033,76907,0
1233,0001,2021-02-12 21:22:28.705,2,77334,71783,0,72033,76907,0
1234,0001,2021-02-12 21:22:29.72,2,77334,71783,0,72033,76907,0
1235,0001,2021-02-12 21:22:30.736,2,77334,71783,0,72033,76907,0
1236,0001,2021-02-12 21:22:31.751,2,77334,71783,0,72033,76907,0
1237,0001,2021-02-12 21:22:32.766,2,77334,71783,1,72033,76907,1
1238,0001,2021-02-12 21:22:33.782,2,77334,71783,1,72033,76907,1
1239,0001,2021-02-12 21:22:34.797,2,77334,71783,1,72033,76907,1
1240,0001,2021-02-12 21:22:35.813,2,77334,71783,1,72033,76907,1
1241,0001,2021-02-12 21:22:36.814,2,77334,71783,2,72033,76907,2
1242,0001,2021-02-12 21:22:37.829,2,77334,71783,2,72033,76907,2
1243,0001,2021-02-12 21:22:38.845,2,77334,71783,2,72033,76907,2
1244,0001,2021-02-12 21:22:39.86,2,77334,71783,2,72033,76907,2
1245,0001,2021-02-12 21:22:40.876,2,77334,71783,2,72033,76907,2
1246,0001,2021-02-12 21:22:41.891,2,77334,71783,2,72033,76907,2
1247,0001,2021-02-12 21:22:42.906,2,77334,71784,1,72034,76907,1
1248,0001,2021-02-12 21:22:43.922,2,77334,71784,1,72034,76907,1
1249,0001,2021-02-12 21:22:44.937,2,77334,71784,1,72034,76907,1
1250,0001,2021-02-12 21:22:45.953,2,77334,71784,1,72034,76907,1
1251,0001,2021-02-12 21:22:46.968,2,77334,71784,1,72034,76907,1
1252,0001,2021-02-12 21:22:47.983,2,77334,71784,1,72034,76907,1
1253,0001,2021-02-12 21:22:48.988,2,77334,71784,1,72034,76907,1
1254,0001,2021-02-12 21:22:49.988,2,77334,71785,0,72035,76907,0
1255,0001,2021-02-12 21:22:50.99,2,77334,71785,0,72035,76907,0
1256,0001,2021-02-12 21:22:52.005,2,77334,71785,0,72035,76907,0
1257,0001,2021-02-12 21:22:53.021,2,77334,71785,0,72035,76907,0
1258,0001,2021-02-12 21:22:54.036,2,77334,71785,0,72035,76907,0
1259,0001,2021-02-12 21:22:55.051,2,77334,71785,0,72035,76907,0
1260,0001,2021-02-12 21:22:56.066,2,77334,71785,0,72035,76907,0
1261,0001,2021-02-12 21:22:57.082,2,77334,71785,0,72035,76907,0
1262,0001,2021-02-12 21:23:22.439,2,77334,71785,0,72035,76907,0
1263,0001,2021-02-12 21:23:23.454,2,77334,71785,0,72035,76907,0
1264,0001,2021-02-12 21:23:24.47,2,77334,71785,0,72035,76907,0
1265,0001,2021-02-12 21:23:25.485,2,77334,71785,0,72035,76907,0
1266,0001,2021-02-12 21:23:27.516,2,77334,71785,0,72035,76907,0
1267,0001,2021-02-12 21:23:28.531,2,77334,71785,0,72035,76907,0
1268,0001,2021-02-12 21:23:29.547,2,77334,71785,0,72035,76907,0
1269,0001,2021-02-12 21:23:33.608,2,77334,71785,0,72035,76907,0
1270,0001,2021-02-12 21:23:34.623,2,77334,71785,0,72035,76907,0
1271,0001,2021-02-12 21:23:35.639,2,77334,71785,0,72035,76907,0
1272,0001,2021-02-12 21:23:36.64,2,77334,71785,0,72035,76907,0
1273,0001,2021-02-12 21:23:37.656,2,77334,71785,0,72035,76907,0
1274,0001,2021-02-12 21:23:38.671,2,77334,71785,0,72035,76907,0
1275,0001,2021-02-12 21:23:39.686,2,77334,71785,0,72035,76907,0
1276,0001,2021-02-12 21:23:40.702,2,77334,71785,0,72035,76907,0
1277,0001,2021-02-12 21:23:41.717,2,77334,71785,0,72035,76907,0
1278,0001,2021-02-12 21:23:42.733,2,77334,71785,0,72035,76907,0
1279,0001,2021-02-12 21:23:43.748,2,77334,71785,0,72035,76907,0
1280,0001,2021-02-12 21:23:44.763,2,77334,71785,0,72035,76907,0
1281,0001,2021-02-12 21:23:45.779,2,77334,71785,0,72035,76907,0
1282,0001,2021-02-12 21:23:46.794,2,77334,71785,0,72035,76907,0
1283,0001,2021-02-12 21:23:47.809,2,77334,71785,0,72035,76907,0
1284,0001,2021-02-12 21:23:48.825,2,77334,71785,0,72035,76907,0
1285,0001,2021-02-12 21:23:49.84,2,77334,71785,1,72035,76907,1
1286,0001,2021-02-12 21:23:50.855,2,77334,71785,1,72035,76907,1
1287,0001,2021-02-12 21:23:51.87,2,77334,71785,1,72035,76907,1
1288,0001,2021-02-12 21:23:52.885,2,77334,71785,1,72035,76907,1
1289,0001,2021-02-12 21:23:53.9,2,77334,71785,2,72035,76907,2
1290,0001,2021-02-12 21:23:54.916,2,77334,71785,3,72035,76907,3
1291,0001,2021-02-12 21:23:55.931,2,77334,71785,4,72035,76907,4
1292,0001,2021-02-12 21:23:56.946,2,77334,71785,2,72035,76907,2
1293,0001,2021-02-12 21:23:57.962,2,77334,71785,2,72035,76907,2
1294,0001,2021-02-12 21:23:58.977,2,77334,71785,2,72035,76907,2
1295,0001,2021-02-12 21:23:59.993,2,77335,71785,1,72035,76908,1
1296,0001,2021-02-12 21:24:01.008,2,77335,71785,1,72035,76908,1
1297,0001,2021-02-12 21:24:02.023,2,77335,71785,1,72035,76908,1
1298,0001,2021-02-12 21:24:03.039,2,77335,71785,1,72035,76908,1
1299,0001,2021-02-12 21:24:04.054,2,77335,71785,1,72035,76908,1
1300,0001,2021-02-12 21:24:05.07,2,77335,71786,0,72036,76908,0
1301,0001,2021-02-12 21:24:06.071,2,77335,71786,0,72036,76908,0
1302,0001,2021-02-12 21:24:07.086,2,77335,71786,0,72036,76908,0
1303,0001,2021-02-12 21:24:08.102,2,77335,71786,0,72036,76908,0
1304,0001,2021-02-12 21:24:09.117,2,77335,71786,0,72036,76908,0
1305,0001,2021-02-12 21:24:10.132,2,77335,71786,0,72036,76908,0
1306,0001,2021-02-12 21:24:11.148,2,77335,71786,0,72036,76908,0
1307,0001,2021-02-12 21:24:12.163,2,77335,71786,0,72036,76908,0
1308,0001,2021-02-12 21:24:13.179,2,77335,71786,0,72036,76908,0
1309,0001,2021-02-12 21:24:14.194,2,77335,71786,0,72036,76908,0
1310,0001,2021-02-12 21:24:15.209,2,77335,71786,0,72036,76908,0
1311,0001,2021-02-12 21:24:16.225,2,77335,71786,0,72036,76908,0
1312,0001,2021-02-12 21:24:17.24,2,77335,71786,1,72036,76908,1
1313,0001,2021-02-12 21:24:18.256,2,77335,71786,2,72036,76908,2
1314,0001,2021-02-12 21:24:19.271,2,77335,71786,2,72036,76908,2
1315,0001,2021-02-12 21:24:20.286,2,77335,71786,2,72036,76908,2
1316,0001,2021-02-12 21:24:21.288,2,77335,71786,2,72036,76908,2
1317,0001,2021-02-12 21:24:22.303,2,77335,71786,2,72036,76908,2
1318,0001,2021-02-12 21:24:23.318,2,77335,71786,2,72036,76908,2
1319,0001,2021-02-12 21:24:24.334,2,77335,71786,2,72036,76908,2
1320,0001,2021-02-12 21:24:25.349,2,77335,71786,2,72036,76908,2
1321,0001,2021-02-12 21:24:26.365,2,77335,71786,2,72036,76908,2
1322,0001,2021-02-12 21:24:27.38,2,77335,71786,2,72036,76908,2
1323,0001,2021-02-12 21:24:28.395,2,77335,71787,1,72037,76908,1
1324,0001,2021-02-12 21:24:29.411,2,77335,71787,2,72037,76908,2
1325,0001,2021-02-12 21:24:30.426,2,77335,71788,1,72038,76908,1
1326,0001,2021-02-12 21:24:31.442,2,77335,71788,1,72038,76908,1
1327,0001,2021-02-12 21:24:32.457,2,77335,71788,1,72038,76908,1
1328,0001,2021-02-12 21:24:33.472,2,77335,71788,1,72038,76908,1
1329,0001,2021-02-12 21:24:34.488,2,77335,71788,1,72038,76908,1
1330,0001,2021-02-12 21:24:35.503,2,77335,71788,1,72038,76908,1
1331,0001,2021-02-12 21:24:36.505,2,77335,71788,1,72038,76908,1
1332,0001,2021-02-12 21:24:37.52,2,77335,71788,1,72038,76908,1
1333,0001,2021-02-12 21:24:38.535,2,77335,71788,1,72038,76908,1
1334,0001,2021-02-12 21:24:39.551,2,77335,71788,1,72038,76908,1
1335,0001,2021-02-12 21:24:40.566,2,77335,71788,1,72038,76908,1
1336,0001,2021-02-12 21:24:41.581,2,77336,71788,0,72038,76909,0
1337,0001,2021-02-12 21:24:42.597,2,77336,71788,0,72038,76909,0
1338,0001,2021-02-12 21:24:43.612,2,77336,71788,0,72038,76909,0
1339,0001,2021-02-12 21:24:44.628,2,77336,71788,0,72038,76909,0
1340,0001,2021-02-12 21:24:45.643,2,77336,71788,0,72038,76909,0
1341,0001,2021-02-12 21:24:46.658,2,77336,71788,0,72038,76909,0
1342,0001,2021-02-12 21:24:47.674,2,77336,71788,0,72038,76909,0
1343,0001,2021-02-12 21:24:48.689,2,77336,71788,0,72038,76909,0
1344,0001,2021-02-12 21:24:49.704,2,77336,71788,0,72038,76909,0
1345,0001,2021-02-12 21:24:50.72,2,77336,71788,0,72038,76909,0
1346,0001,2021-02-12 21:24:51.721,2,77336,71788,0,72038,76909,0
1347,0001,2021-02-12 21:25:14.046,2,77336,71788,0,72038,76909,0
1348,0001,2021-02-12 21:25:15.061,2,77336,71788,0,72038,76909,0
1349,0001,2021-02-12 21:25:16.077,2,77336,71788,0,72038,76909,0
1350,0001,2021-02-12 21:25:17.092,2,77336,71788,0,72038,76909,0
1351,0001,2021-02-12 21:25:18.107,2,77336,71788,0,72038,76909,0
1352,0001,2021-02-12 21:25:19.123,2,77336,71788,0,72038,76909,0
1353,0001,2021-02-12 21:25:20.138,2,77336,71788,0,72038,76909,0
1354,0001,2021-02-12 21:25:21.139,2,77336,71788,0,72038,76909,0
1355,0001,2021-02-12 21:25:22.155,2,77336,71788,0,72038,76909,0
1356,0001,2021-02-12 21:25:23.17,2,77336,71788,0,72038,76909,0
1357,0001,2021-02-12 21:25:24.186,2,77336,71788,0,72038,76909,0
1358,0001,2021-02-12 21:25:25.201,2,77336,71788,2,72038,76909,2
1359,0001,2021-02-12 21:25:26.216,2,77336,71788,3,72038,76909,3
1360,0001,2021-02-12 21:25:27.232,2,77336,71788,3,72038,76909,3
1361,0001,2021-02-12 21:25:28.247,2,77336,71788,3,72038,76909,3
1362,0001,2021-02-12 21:25:29.262,2,77336,71788,3,72038,76909,3
1363,0001,2021-02-12 21:25:30.278,2,77336,71788,3,72038,76909,3
1364,0001,2021-02-12 21:25:31.293,2,77336,71788,3,72038,76909,3
1365,0001,2021-02-12 21:25:32.309,2,77336,71788,3,72038,76909,3
1366,0001,2021-02-12 21:25:33.324,2,77336,71788,4,72038,76909,4
1367,0001,2021-02-12 21:25:34.339,2,77336,71788,4,72038,76909,4
1368,0001,2021-02-12 21:25:35.355,2,77336,71789,3,72039,76909,3
1369,0001,2021-02-12 21:25:36.356,2,77336,71789,2,72039,76909,2
1370,0001,2021-02-12 21:25:37.371,2,77336,71789,1,72039,76909,1
1371,0001,2021-02-12 21:25:38.387,2,77336,71789,1,72039,76909,1
1372,0001,2021-02-12 21:25:39.402,2,77336,71789,1,72039,76909,1
1373,0001,2021-02-12 21:25:40.418,2,77336,71789,1,72039,76909,1
1374,0001,2021-02-12 21:25:41.433,2,77336,71789,1,72039,76909,1
1375,0001,2021-02-12 21:25:42.448,2,77336,71789,1,72039,76909,1
1376,0001,2021-02-12 21:25:43.464,2,77336,71789,1,72039,76909,1
1377,0001,2021-02-12 21:25:44.479,2,77336,71790,0,72040,76909,0
1378,0001,2021-02-12 21:25:45.494,2,77336,71790,1,72040,76909,1
1379,0001,2021-02-12 21:25:46.51,2,77336,71790,1,72040,76909,1
1380,0001,2021-02-12 21:25:47.525,2,77336,71790,1,72040,76909,1
1381,0001,2021-02-12 21:25:48.541,2,77336,71790,1,72040,76909,1
1382,0001,2021-02-12 21:25:49.556,2,77336,71790,1,72040,76909,1
1383,0001,2021-02-12 21:25:50.571,2,77336,71790,1,72040,76909,1
1384,0001,2021-02-12 21:25:51.574,2,77336,71790,1,72040,76909,1
1385,0001,2021-02-12 21:25:52.589,2,77336,71790,1,72040,76909,1
1386,0001,2021-02-12 21:25:53.605,2,77336,71790,1,72040,76909,1
1387,0001,2021-02-12 21:25:54.62,2,77336,71790,1,72040,76909,1
1388,0001,2021-02-12 21:25:55.635,2,77336,71790,1,72040,76909,1
1389,0001,2021-02-12 21:25:56.651,2,77336,71790,1,72040,76909,1
1390,0001,2021-02-12 21:25:57.666,2,77336,71791,0,72041,76909,0
1391,0001,2021-02-12 21:25:58.682,2,77336,71791,0,72041,76909,0
1392,0001,2021-02-12 21:25:59.697,2,77336,71791,0,72041,76909,0
1393,0001,2021-02-12 21:26:00.713,2,77336,71791,0,72041,76909,0
1394,0001,2021-02-12 21:26:01.728,2,77336,71791,0,72041,76909,0
1395,0001,2021-02-12 21:26:02.743,2,77336,71791,0,72041,76909,0
1396,0001,2021-02-12 21:26:03.759,2,77336,71791,0,72041,76909,0
1397,0001,2021-02-12 21:26:04.774,2,77336,71791,0,72041,76909,0
1398,0001,2021-02-12 21:26:05.79,2,77336,71791,0,72041,76909,0
1399,0001,2021-02-12 21:26:06.791,2,77336,71791,0,72041,76909,0
1400,0001,2021-02-12 21:26:07.806,2,77336,71791,0,72041,76909,0
1401,0001,2021-02-12 21:26:08.822,2,77336,71791,0,72041,76909,0
1402,0001,2021-02-12 21:26:09.837,2,77336,71791,0,72041,76909,0
1403,0001,2021-02-12 21:26:10.852,2,77336,71791,0,72041,76909,0
1404,0001,2021-02-12 21:26:11.868,2,77336,71791,0,72041,76909,0
1405,0001,2021-02-12 21:26:12.883,2,77336,71791,0,72041,76909,0
1406,0001,2021-02-12 21:26:13.898,2,77336,71791,0,72041,76909,0
1407,0001,2021-02-12 21:26:14.914,2,77336,71791,0,72041,76909,0
1408,0001,2021-02-12 21:26:15.929,2,77336,71791,0,72041,76909,0
1409,0001,2021-02-12 21:26:16.945,2,77336,71791,0,72041,76909,0
1410,0001,2021-02-12 21:26:17.96,2,77336,71791,0,72041,76909,0
1411,0001,2021-02-12 21:26:18.975,2,77336,71791,0,72041,76909,0
1412,0001,2021-02-12 21:26:19.991,2,77336,71791,0,72041,76909,0
1413,0001,2021-02-12 21:26:20.992,2,77336,71791,0,72041,76909,0
1414,0001,2021-02-12 21:26:22.008,2,77336,71791,0,72041,76909,0
1415,0001,2021-02-12 21:26:23.023,2,77336,71791,0,72041,76909,0
1416,0001,2021-02-12 21:26:24.038,2,77336,71791,0,72041,76909,0
1417,0001,2021-02-12 21:26:25.054,2,77336,71791,0,72041,76909,0
1418,0001,2021-02-12 21:26:26.069,2,77336,71791,0,72041,76909,0
1419,0001,2021-02-12 21:26:27.085,2,77336,71791,0,72041,76909,0
1420,0001,2021-02-12 21:26:28.1,2,77336,71791,0,72041,76909,0
1421,0001,2021-02-12 21:26:29.115,2,77336,71791,0,72041,76909,0
1422,0001,2021-02-12 21:26:30.131,2,77336,71791,0,72041,76909,0
1423,0001,2021-02-12 21:26:31.146,2,77336,71791,0,72041,76909,0
1424,0001,2021-02-12 21:26:32.161,2,77336,71791,0,72041,76909,0
1425,0001,2021-02-12 21:26:33.177,2,77336,71791,0,72041,76909,0
1426,0001,2021-02-12 21:26:34.192,2,77336,71791,0,72041,76909,0
1427,0001,2021-02-12 21:26:35.208,2,77336,71791,0,72041,76909,0
1428,0001,2021-02-12 21:26:36.209,2,77336,71791,0,72041,76909,0
1429,0001,2021-02-12 21:26:37.224,2,77336,71791,0,72041,76909,0
1430,0001,2021-02-12 21:26:38.24,2,77336,71791,0,72041,76909,0
1431,0001,2021-02-12 21:26:39.255,2,77336,71791,0,72041,76909,0
1432,0001,2021-02-12 21:26:40.27,2,77336,71791,0,72041,76909,0
1433,0001,2021-02-12 21:26:41.286,2,77336,71791,0,72041,76909,0
1434,0001,2021-02-12 21:26:42.301,2,77336,71791,0,72041,76909,0
1435,0001,2021-02-12 21:26:43.317,2,77336,71791,0,72041,76909,0
1436,0001,2021-02-12 21:26:45.347,2,77336,71791,0,72041,76909,0
1437,0001,2021-02-12 21:26:46.363,2,77336,71791,0,72041,76909,0
1438,0001,2021-02-12 21:26:48.394,2,77336,71791,0,72041,76909,0
1439,0001,2021-02-12 21:26:49.409,2,77336,71791,0,72041,76909,0
1440,0001,2021-02-12 21:26:50.424,2,77336,71791,0,72041,76909,0
1441,0001,2021-02-12 21:26:51.426,2,77336,71791,0,72041,76909,0
1442,0001,2021-02-12 21:26:52.441,2,77336,71791,0,72041,76909,0
1443,0001,2021-02-12 21:26:53.457,2,77336,71791,0,72041,76909,0
1444,0001,2021-02-12 21:26:54.472,2,77336,71791,0,72041,76909,0
1445,0001,2021-02-12 21:26:55.487,2,77336,71791,0,72041,76909,0
1446,0001,2021-02-12 21:26:56.503,2,77336,71791,0,72041,76909,0
1447,0001,2021-02-12 21:26:57.518,2,77336,71791,1,72041,76909,1
1448,0001,2021-02-12 21:26:58.533,2,77336,71791,1,72041,76909,1
1449,0001,2021-02-12 21:26:59.549,2,77336,71791,1,72041,76909,1
1450,0001,2021-02-12 21:27:00.564,2,77336,71791,1,72041,76909,1
1451,0001,2021-02-12 21:27:01.58,2,77336,71791,1,72041,76909,1
1452,0001,2021-02-12 21:27:02.595,2,77336,71791,1,72041,76909,1
1453,0001,2021-02-12 21:27:03.61,2,77336,71791,1,72041,76909,1
1454,0001,2021-02-12 21:27:04.626,2,77336,71791,1,72041,76909,1
1455,0001,2021-02-12 21:27:05.641,2,77336,71792,0,72042,76909,0
1456,0001,2021-02-12 21:27:06.643,2,77336,71792,0,72042,76909,0
1457,0001,2021-02-12 21:27:07.658,2,77336,71792,0,72042,76909,0
1458,0001,2021-02-12 21:27:08.667,2,77336,71792,0,72042,76909,0
1459,0001,2021-02-12 21:27:09.682,2,77336,71792,0,72042,76909,0
1460,0001,2021-02-12 21:27:10.684,2,77336,71792,0,72042,76909,0
1461,0001,2021-02-12 21:27:11.685,2,77336,71792,0,72042,76909,0
1462,0001,2021-02-12 21:27:12.687,2,77336,71792,0,72042,76909,0
1463,0001,2021-02-12 21:27:13.702,2,77336,71792,0,72042,76909,0
1464,0001,2021-02-12 21:27:14.717,2,77336,71792,0,72042,76909,0
1465,0001,2021-02-12 21:27:15.733,2,77336,71792,0,72042,76909,0
1466,0001,2021-02-12 21:27:16.734,2,77336,71792,0,72042,76909,0
1467,0001,2021-02-12 21:27:17.749,2,77336,71792,0,72042,76909,0
1468,0001,2021-02-12 21:27:18.765,2,77336,71792,0,72042,76909,0
1469,0001,2021-02-12 21:27:19.78,2,77336,71792,0,72042,76909,0
1470,0001,2021-02-12 21:27:20.795,2,77336,71792,0,72042,76909,0
1471,0001,2021-02-12 21:27:21.796,2,77336,71792,0,72042,76909,0
1472,0001,2021-02-12 21:27:22.812,2,77336,71792,1,72042,76909,1
1473,0001,2021-02-12 21:27:23.827,2,77336,71792,1,72042,76909,1
1474,0001,2021-02-12 21:27:24.843,2,77336,71792,1,72042,76909,1
1475,0001,2021-02-12 21:27:25.858,2,77336,71792,1,72042,76909,1
1476,0001,2021-02-12 21:27:26.873,2,77336,71792,1,72042,76909,1
1477,0001,2021-02-12 21:27:27.889,2,77336,71792,1,72042,76909,1
1478,0001,2021-02-12 21:27:28.904,2,77336,71792,1,72042,76909,1
1479,0001,2021-02-12 21:27:29.92,2,77336,71792,1,72042,76909,1
1480,0001,2021-02-12 21:27:30.935,2,77336,71792,1,72042,76909,1
1481,0001,2021-02-12 21:27:31.95,2,77336,71792,1,72042,76909,1
1482,0001,2021-02-12 21:27:32.966,2,77336,71792,1,72042,76909,1
1483,0001,2021-02-12 21:27:33.981,2,77336,71793,0,72043,76909,0
1484,0001,2021-02-12 21:27:34.997,2,77336,71793,0,72043,76909,0
1485,0001,2021-02-12 21:27:35.998,2,77336,71793,0,72043,76909,0
1486,0001,2021-02-12 21:27:37.014,2,77336,71793,0,72043,76909,0
1487,0001,2021-02-12 21:27:38.029,2,77336,71793,0,72043,76909,0
1488,0001,2021-02-12 21:27:39.044,2,77336,71793,0,72043,76909,0
1489,0001,2021-02-12 21:27:41.075,2,77336,71793,0,72043,76909,0
1490,0001,2021-02-12 21:27:42.091,2,77336,71793,0,72043,76909,0
1491,0001,2021-02-12 21:27:43.106,2,77336,71793,0,72043,76909,0
1492,0001,2021-02-12 21:27:44.121,2,77336,71793,0,72043,76909,0
1493,0001,2021-02-12 21:27:45.137,2,77336,71793,0,72043,76909,0
1494,0001,2021-02-12 21:27:46.152,2,77336,71793,0,72043,76909,0
1495,0001,2021-02-12 21:27:48.183,2,77336,71793,0,72043,76909,0
1496,0001,2021-02-12 21:27:49.198,2,77336,71793,0,72043,76909,0
1497,0001,2021-02-12 21:27:50.214,2,77336,71793,0,72043,76909,0
1498,0001,2021-02-12 21:27:51.215,2,77336,71793,0,72043,76909,0
1499,0001,2021-02-12 21:27:52.231,2,77336,71793,0,72043,76909,0
1500,0001,2021-02-12 21:27:53.246,2,77336,71793,0,72043,76909,0
1501,0001,2021-02-12 21:27:54.261,2,77336,71793,0,72043,76909,0
1502,0001,2021-02-12 21:27:55.277,2,77336,71793,0,72043,76909,0
1503,0001,2021-02-12 21:27:56.292,2,77336,71793,0,72043,76909,0
1504,0001,2021-02-12 21:27:57.303,2,77336,71793,0,72043,76909,0
1505,0001,2021-02-12 21:27:59.333,2,77336,71793,0,72043,76909,0
1506,0001,2021-02-12 21:28:00.349,2,77336,71793,0,72043,76909,0
1507,0001,2021-02-12 21:28:01.364,2,77336,71793,0,72043,76909,0
1508,0001,2021-02-12 21:28:02.38,2,77336,71793,0,72043,76909,0
1509,0001,2021-02-12 21:28:03.395,2,77336,71793,0,72043,76909,0
1510,0001,2021-02-12 21:28:04.411,2,77336,71793,0,72043,76909,0
1511,0001,2021-02-12 21:28:05.426,2,77336,71793,0,72043,76909,0
1512,0001,2021-02-12 21:28:22.661,2,77336,71793,0,72043,76909,0
1513,0001,2021-02-12 21:28:23.676,2,77336,71793,0,72043,76909,0
1514,0001,2021-02-12 21:28:24.691,2,77336,71793,0,72043,76909,0
1515,0001,2021-02-12 21:28:25.707,2,77336,71793,0,72043,76909,0
1516,0001,2021-02-12 21:28:26.722,2,77336,71793,0,72043,76909,0
1517,0001,2021-02-12 21:28:27.738,2,77336,71793,0,72043,76909,0
1518,0001,2021-02-12 21:28:28.753,2,77336,71793,0,72043,76909,0
1519,0001,2021-02-12 21:28:29.768,2,77336,71793,0,72043,76909,0
1520,0001,2021-02-12 21:28:30.784,2,77336,71793,0,72043,76909,0
1521,0001,2021-02-12 21:28:31.799,2,77336,71793,0,72043,76909,0
1522,0001,2021-02-12 21:28:32.814,2,77336,71793,0,72043,76909,0
1523,0001,2021-02-12 21:28:33.83,2,77336,71793,1,72043,76909,1
1524,0001,2021-02-12 21:28:34.845,2,77336,71793,1,72043,76909,1
1525,0001,2021-02-12 21:28:35.861,2,77336,71793,1,72043,76909,1
1526,0001,2021-02-12 21:28:36.862,2,77336,71793,1,72043,76909,1
1527,0001,2021-02-12 21:28:37.878,2,77336,71793,1,72043,76909,1
1528,0001,2021-02-12 21:28:38.893,2,77336,71793,1,72043,76909,1
1529,0001,2021-02-12 21:28:39.908,2,77336,71793,1,72043,76909,1
1530,0001,2021-02-12 21:28:40.924,2,77336,71793,1,72043,76909,1
1531,0001,2021-02-12 21:28:41.939,2,77336,71793,1,72043,76909,1
1532,0001,2021-02-12 21:28:42.954,2,77336,71793,1,72043,76909,1
1533,0001,2021-02-12 21:28:43.97,2,77336,71793,1,72043,76909,1
1534,0001,2021-02-12 21:28:44.985,2,77336,71793,1,72043,76909,1
1535,0001,2021-02-12 21:28:46.001,2,77336,71793,1,72043,76909,1
1536,0001,2021-02-12 21:28:47.016,2,77336,71793,1,72043,76909,1
1537,0001,2021-02-12 21:28:48.031,2,77336,71794,0,72044,76909,0
1538,0001,2021-02-12 21:28:49.047,2,77336,71794,0,72044,76909,0
1539,0001,2021-02-12 21:28:50.062,2,77336,71794,0,72044,76909,0
1540,0001,2021-02-12 21:28:51.063,2,77336,71794,0,72044,76909,0
1541,0001,2021-02-12 21:28:52.079,2,77336,71794,0,72044,76909,0
1542,0001,2021-02-12 21:28:53.094,2,77336,71794,0,72044,76909,0
1543,0001,2021-02-12 21:28:54.11,2,77336,71794,0,72044,76909,0
1544,0001,2021-02-12 21:28:55.125,2,77336,71794,0,72044,76909,0
1545,0001,2021-02-12 21:28:56.141,2,77336,71794,1,72044,76909,1
1546,0001,2021-02-12 21:28:57.156,2,77336,71794,1,72044,76909,1
1547,0001,2021-02-12 21:28:58.171,2,77336,71794,1,72044,76909,1
1548,0001,2021-02-12 21:28:59.187,2,77336,71794,1,72044,76909,1
1549,0001,2021-02-12 21:29:00.202,2,77336,71794,1,72044,76909,1
1550,0001,2021-02-12 21:29:01.217,2,77336,71794,1,72044,76909,1
1551,0001,2021-02-12 21:29:02.233,2,77336,71794,1,72044,76909,1
1552,0001,2021-02-12 21:29:03.248,2,77336,71794,1,72044,76909,1
1553,0001,2021-02-12 21:29:04.263,2,77336,71794,1,72044,76909,1
1554,0001,2021-02-12 21:29:05.279,2,77337,71794,0,72044,76910,0
1555,0001,2021-02-12 21:29:06.281,2,77337,71794,0,72044,76910,0
1556,0001,2021-02-12 21:29:07.296,2,77337,71794,0,72044,76910,0
1557,0001,2021-02-12 21:29:08.311,2,77337,71794,0,72044,76910,0
1558,0001,2021-02-12 21:29:09.327,2,77337,71794,0,72044,76910,0
1559,0001,2021-02-12 21:29:10.342,2,77337,71794,0,72044,76910,0
1560,0001,2021-02-12 21:29:11.358,2,77337,71794,0,72044,76910,0
1561,0001,2021-02-12 21:29:12.373,2,77337,71794,0,72044,76910,0
1562,0001,2021-02-12 21:29:13.388,2,77337,71794,0,72044,76910,0
1563,0001,2021-02-12 21:29:14.404,2,77337,71794,0,72044,76910,0
1564,0001,2021-02-12 21:29:15.419,2,77337,71794,0,72044,76910,0
1565,0001,2021-02-12 21:29:16.435,2,77337,71794,0,72044,76910,0
1566,0001,2021-02-12 21:29:17.45,2,77337,71794,0,72044,76910,0
1567,0001,2021-02-12 21:29:18.465,2,77337,71794,0,72044,76910,0
1568,0001,2021-02-12 21:29:19.481,2,77337,71794,0,72044,76910,0
1569,0001,2021-02-12 21:29:20.496,2,77337,71794,0,72044,76910,0
1570,0001,2021-02-12 21:29:21.497,2,77337,71794,0,72044,76910,0
1571,0001,2021-02-12 21:29:22.512,2,77337,71794,0,72044,76910,0
1572,0001,2021-02-12 21:29:23.528,2,77337,71794,0,72044,76910,0
1573,0001,2021-02-12 21:29:24.543,2,77337,71794,1,72044,76910,1
1574,0001,2021-02-12 21:29:25.559,2,77337,71794,1,72044,76910,1
1575,0001,2021-02-12 21:29:26.574,2,77337,71794,1,72044,76910,1
1576,0001,2021-02-12 21:29:27.589,2,77337,71794,1,72044,76910,1
1577,0001,2021-02-12 21:29:28.605,2,77337,71794,1,72044,76910,1
1578,0001,2021-02-12 21:29:29.62,2,77337,71794,1,72044,76910,1
1579,0001,2021-02-12 21:29:30.636,2,77337,71794,1,72044,76910,1
1580,0001,2021-02-12 21:29:31.651,2,77337,71794,1,72044,76910,1
1581,0001,2021-02-12 21:29:32.666,2,77337,71794,2,72044,76910,2
1582,0001,2021-02-12 21:29:33.682,2,77337,71794,2,72044,76910,2
1583,0001,2021-02-12 21:29:34.697,2,77337,71794,2,72044,76910,2
1584,0001,2021-02-12 21:29:35.712,2,77337,71795,0,72045,76910,0
1585,0001,2021-02-12 21:29:36.714,2,77337,71795,0,72045,76910,0
1586,0001,2021-02-12 21:29:37.729,2,77337,71795,0,72045,76910,0
1587,0001,2021-02-12 21:29:38.745,2,77337,71795,0,72045,76910,0
1588,0001,2021-02-12 21:29:39.76,2,77337,71795,0,72045,76910,0
1589,0001,2021-02-12 21:29:40.776,2,77337,71795,0,72045,76910,0
1590,0001,2021-02-12 21:29:41.791,2,77337,71795,0,72045,76910,0
1591,0001,2021-02-12 21:29:42.806,2,77337,71795,0,72045,76910,0
1592,0001,2021-02-12 21:29:43.822,2,77337,71795,0,72045,76910,0
1593,0001,2021-02-12 21:29:44.837,2,77337,71795,0,72045,76910,0
1594,0001,2021-02-12 21:29:45.852,2,77337,71795,0,72045,76910,0
1595,0001,2021-02-12 21:29:46.868,2,77337,71795,0,72045,76910,0
1596,0001,2021-02-12 21:29:47.883,2,77337,71795,0,72045,76910,0
1597,0001,2021-02-12 21:29:48.899,2,77337,71795,0,72045,76910,0
1598,0001,2021-02-12 21:29:49.914,2,77337,71795,0,72045,76910,0
1599,0001,2021-02-12 21:29:50.915,2,77337,71795,0,72045,76910,0
1600,0001,2021-02-12 21:29:51.93,2,77337,71795,0,72045,76910,0
1601,0001,2021-02-12 21:29:52.946,2,77337,71795,0,72045,76910,0
1602,0001,2021-02-12 21:29:53.961,2,77337,71795,1,72045,76910,1
1603,0001,2021-02-12 21:29:54.977,2,77337,71795,3,72045,76910,3
1604,0001,2021-02-12 21:29:55.992,2,77337,71795,3,72045,76910,3
1605,0001,2021-02-12 21:29:57.007,2,77337,71795,3,72045,76910,3
1606,0001,2021-02-12 21:29:58.023,2,77337,71795,3,72045,76910,3
1607,0001,2021-02-12 21:29:59.038,2,77337,71795,3,72045,76910,3
1608,0001,2021-02-12 21:30:00.053,2,77337,71795,4,72045,76910,4
1609,0001,2021-02-12 21:30:01.069,2,77337,71795,3,72045,76910,3
1610,0001,2021-02-12 21:30:02.084,2,77337,71795,3,72045,76910,3
1611,0001,2021-02-12 21:30:03.1,2,77337,71795,3,72045,76910,3
1612,0001,2021-02-12 21:30:04.115,2,77337,71795,3,72045,76910,3
1613,0001,2021-02-12 21:30:05.13,2,77337,71795,4,72045,76910,4
1614,0001,2021-02-12 21:30:06.132,2,77339,71795,1,72045,76912,1
1615,0001,2021-02-12 21:30:07.147,2,77339,71795,0,72045,76912,0
1616,0001,2021-02-12 21:30:08.163,2,77339,71795,0,72045,76912,0
1617,0001,2021-02-12 21:30:09.178,2,77339,71795,0,72045,76912,0
1618,0001,2021-02-12 21:30:10.193,2,77339,71795,0,72045,76912,0
1619,0001,2021-02-12 21:30:11.208,2,77339,71795,0,72045,76912,0
1620,0001,2021-02-12 21:30:12.224,2,77339,71795,0,72045,76912,0
1621,0001,2021-02-12 21:30:13.239,2,77339,71795,0,72045,76912,0
1622,0001,2021-02-12 21:30:14.255,2,77339,71795,0,72045,76912,0
1623,0001,2021-02-12 21:30:15.27,2,77339,71795,0,72045,76912,0
1624,0001,2021-02-12 21:30:16.286,2,77339,71795,0,72045,76912,0
1625,0001,2021-02-12 21:30:17.301,2,77339,71795,0,72045,76912,0
1626,0001,2021-02-12 21:30:18.316,2,77339,71795,0,72045,76912,0
1627,0001,2021-02-12 21:30:19.332,2,77339,71795,0,72045,76912,0
1628,0001,2021-02-12 21:30:20.347,2,77339,71795,0,72045,76912,0
1629,0001,2021-02-12 21:30:21.348,2,77339,71795,0,72045,76912,0
1630,0001,2021-02-12 21:30:22.363,2,77339,71795,0,72045,76912,0
1631,0001,2021-02-12 21:30:23.379,2,77339,71795,0,72045,76912,0
1632,0001,2021-02-12 21:30:24.394,2,77339,71795,0,72045,76912,0
1633,0001,2021-02-12 21:30:25.409,2,77339,71795,0,72045,76912,0
1634,0001,2021-02-12 21:30:26.425,2,77339,71795,0,72045,76912,0
1635,0001,2021-02-12 21:30:27.44,2,77339,71795,0,72045,76912,0
1636,0001,2021-02-12 21:30:28.455,2,77339,71795,0,72045,76912,0
1637,0001,2021-02-12 21:30:29.471,2,77339,71795,1,72045,76912,1
1638,0001,2021-02-12 21:30:30.486,2,77339,71795,1,72045,76912,1
1639,0001,2021-02-12 21:30:31.502,2,77339,71795,1,72045,76912,1
1640,0001,2021-02-12 21:30:32.517,2,77339,71795,1,72045,76912,1
1641,0001,2021-02-12 21:30:33.532,2,77339,71795,1,72045,76912,1
1642,0001,2021-02-12 21:30:34.548,2,77339,71795,1,72045,76912,1
1643,0001,2021-02-12 21:30:35.563,2,77339,71795,1,72045,76912,1
1644,0001,2021-02-12 21:30:36.564,2,77339,71795,1,72045,76912,1
1645,0001,2021-02-12 21:30:37.58,2,77339,71795,1,72045,76912,1
1646,0001,2021-02-12 21:30:38.595,2,77339,71795,1,72045,76912,1
1647,0001,2021-02-12 21:30:39.61,2,77339,71795,1,72045,76912,1
1648,0001,2021-02-12 21:30:40.626,2,77339,71795,1,72045,76912,1
1649,0001,2021-02-12 21:30:41.641,2,77339,71796,0,72046,76912,0
1650,0001,2021-02-12 21:30:42.656,2,77339,71796,0,72046,76912,0
1651,0001,2021-02-12 21:30:43.672,2,77339,71796,0,72046,76912,0
1652,0001,2021-02-12 21:30:44.688,2,77339,71796,0,72046,76912,0
1653,0001,2021-02-12 21:30:45.703,2,77339,71796,0,72046,76912,0
1654,0001,2021-02-12 21:30:46.718,2,77339,71796,0,72046,76912,0
1655,0001,2021-02-12 21:30:47.734,2,77339,71796,1,72046,76912,1
1656,0001,2021-02-12 21:30:48.749,2,77339,71796,1,72046,76912,1
1657,0001,2021-02-12 21:30:49.764,2,77339,71796,1,72046,76912,1
1658,0001,2021-02-12 21:30:50.78,2,77339,71796,1,72046,76912,1
1659,0001,2021-02-12 21:30:51.781,2,77339,71796,1,72046,76912,1
1660,0001,2021-02-12 21:30:52.797,2,77339,71796,1,72046,76912,1
1661,0001,2021-02-12 21:30:53.812,2,77339,71796,1,72046,76912,1
1662,0001,2021-02-12 21:30:54.827,2,77339,71796,1,72046,76912,1
1663,0001,2021-02-12 21:30:55.843,2,77339,71796,1,72046,76912,1
1664,0001,2021-02-12 21:30:56.858,2,77339,71796,1,72046,76912,1
1665,0001,2021-02-12 21:30:57.874,2,77339,71797,0,72047,76912,0
1666,0001,2021-02-12 21:30:58.889,2,77339,71797,0,72047,76912,0
1667,0001,2021-02-12 21:30:59.904,2,77339,71797,0,72047,76912,0
1668,0001,2021-02-12 21:31:00.919,2,77339,71797,0,72047,76912,0
1669,0001,2021-02-12 21:31:01.935,2,77339,71797,0,72047,76912,0
1670,0001,2021-02-12 21:31:02.95,2,77339,71797,0,72047,76912,0
1671,0001,2021-02-12 21:31:03.966,2,77339,71797,0,72047,76912,0
1672,0001,2021-02-12 21:31:04.981,2,77339,71797,0,72047,76912,0
1673,0001,2021-02-12 21:31:05.983,2,77339,71797,0,72047,76912,0
1674,0001,2021-02-12 21:31:06.998,2,77339,71797,0,72047,76912,0
1675,0001,2021-02-12 21:31:08.014,2,77339,71797,0,72047,76912,0
1676,0001,2021-02-12 21:31:09.029,2,77339,71797,0,72047,76912,0
1677,0001,2021-02-12 21:31:10.044,2,77339,71797,0,72047,76912,0
1678,0001,2021-02-12 21:31:11.059,2,77339,71797,0,72047,76912,0
1679,0001,2021-02-12 21:31:12.075,2,77339,71797,0,72047,76912,0
1680,0001,2021-02-12 21:31:13.09,2,77339,71797,0,72047,76912,0
1681,0001,2021-02-12 21:31:14.106,2,77339,71797,0,72047,76912,0
1682,0001,2021-02-12 21:31:15.121,2,77339,71797,0,72047,76912,0
1683,0001,2021-02-12 21:31:16.136,2,77339,71797,0,72047,76912,0
1684,0001,2021-02-12 21:31:17.152,2,77339,71797,0,72047,76912,0
1685,0001,2021-02-12 21:31:18.167,2,77339,71797,0,72047,76912,0
1686,0001,2021-02-12 21:31:19.183,2,77339,71797,0,72047,76912,0
1687,0001,2021-02-12 21:31:22.215,2,77339,71797,0,72047,76912,0
1688,0001,2021-02-12 21:31:23.23,2,77339,71797,0,72047,76912,0
1689,0001,2021-02-12 21:31:24.246,2,77339,71797,0,72047,76912,0
1690,0001,2021-02-12 21:31:31.353,2,77339,71797,0,72047,76912,0
1691,0001,2021-02-12 21:31:32.369,2,77339,71797,0,72047,76912,0
1692,0001,2021-02-12 21:31:33.384,2,77339,71797,0,72047,76912,0
1693,0001,2021-02-12 21:31:34.399,2,77339,71797,0,72047,76912,0
1694,0001,2021-02-12 21:31:35.415,2,77339,71797,0,72047,76912,0
1695,0001,2021-02-12 21:31:36.416,2,77339,71797,0,72047,76912,0
1696,0001,2021-02-12 21:31:37.431,2,77339,71797,0,72047,76912,0
1697,0001,2021-02-12 21:31:38.447,2,77339,71797,0,72047,76912,0
1698,0001,2021-02-12 21:31:39.462,2,77339,71797,0,72047,76912,0
1699,0001,2021-02-12 21:31:40.477,2,77339,71797,0,72047,76912,0
1700,0001,2021-02-12 21:31:41.493,2,77339,71797,0,72047,76912,0
1701,0001,2021-02-12 21:31:42.508,2,77339,71797,0,72047,76912,0
1702,0001,2021-02-12 21:31:43.524,2,77339,71797,0,72047,76912,0
1703,0001,2021-02-12 21:31:44.539,2,77339,71797,0,72047,76912,0
1704,0001,2021-02-12 21:31:45.554,2,77339,71797,0,72047,76912,0
1705,0001,2021-02-12 21:31:46.57,2,77339,71797,0,72047,76912,0
1706,0001,2021-02-12 21:31:47.585,2,77339,71797,0,72047,76912,0
1707,0001,2021-02-12 21:31:48.601,2,77339,71797,0,72047,76912,0
1708,0001,2021-02-12 21:31:49.616,2,77339,71797,0,72047,76912,0
1709,0001,2021-02-12 21:31:50.631,2,77339,71797,0,72047,76912,0
1710,0001,2021-02-12 21:31:51.633,2,77339,71797,0,72047,76912,0
1711,0001,2021-02-12 21:31:52.648,2,77339,71797,2,72047,76912,2
1712,0001,2021-02-12 21:31:53.664,2,77339,71797,2,72047,76912,2
1713,0001,2021-02-12 21:31:54.679,2,77339,71797,2,72047,76912,2
1714,0001,2021-02-12 21:31:55.694,2,77339,71797,2,72047,76912,2
1715,0001,2021-02-12 21:31:56.71,2,77339,71797,3,72047,76912,3
1716,0001,2021-02-12 21:31:57.725,2,77339,71797,3,72047,76912,3
1717,0001,2021-02-12 21:31:58.741,2,77339,71797,3,72047,76912,3
1718,0001,2021-02-12 21:31:59.756,2,77339,71797,5,72047,76912,5
1719,0001,2021-02-12 21:32:00.771,2,77339,71797,6,72047,76912,6
1720,0001,2021-02-12 21:32:01.787,2,77339,71797,8,72047,76912,8
1721,0001,2021-02-12 21:32:02.802,2,77339,71798,6,72048,76912,6
1722,0001,2021-02-12 21:32:03.818,2,77339,71799,6,72049,76912,6
1723,0001,2021-02-12 21:32:04.833,2,77339,71799,6,72049,76912,6
1724,0001,2021-02-12 21:32:05.848,2,77339,71799,7,72049,76912,7
1725,0001,2021-02-12 21:32:06.85,2,77339,71799,7,72049,76912,7
1726,0001,2021-02-12 21:32:07.865,2,77339,71800,6,72050,76912,6
1727,0001,2021-02-12 21:32:08.881,2,77339,71800,6,72050,76912,6
1728,0001,2021-02-12 21:32:09.896,2,77340,71800,4,72050,76913,4
1729,0001,2021-02-12 21:32:10.911,2,77341,71800,2,72050,76914,2
1730,0001,2021-02-12 21:32:11.927,2,77341,71800,1,72050,76914,1
1731,0001,2021-02-12 21:32:12.942,2,77341,71800,1,72050,76914,1
1732,0001,2021-02-12 21:32:13.958,2,77341,71800,2,72050,76914,2
1733,0001,2021-02-12 21:32:14.973,2,77342,71800,1,72050,76915,1
1734,0001,2021-02-12 21:32:15.988,2,77342,71800,1,72050,76915,1
1735,0001,2021-02-12 21:32:17.004,2,77342,71800,1,72050,76915,1
1736,0001,2021-02-12 21:32:18.019,2,77342,71800,1,72050,76915,1
1737,0001,2021-02-12 21:32:19.034,2,77342,71800,2,72050,76915,2
1738,0001,2021-02-12 21:32:20.05,2,77342,71800,2,72050,76915,2
1739,0001,2021-02-12 21:32:21.051,2,77342,71800,2,72050,76915,2
1740,0001,2021-02-12 21:32:22.066,2,77342,71800,2,72050,76915,2
1741,0001,2021-02-12 21:32:23.082,2,77343,71800,1,72050,76916,1
1742,0001,2021-02-12 21:32:24.097,2,77343,71800,1,72050,76916,1
1743,0001,2021-02-12 21:32:25.113,2,77343,71800,1,72050,76916,1
1744,0001,2021-02-12 21:32:26.128,2,77343,71800,1,72050,76916,1
1745,0001,2021-02-12 21:32:27.143,2,77343,71800,2,72050,76916,2
1746,0001,2021-02-12 21:32:28.158,2,77343,71800,2,72050,76916,2
1747,0001,2021-02-12 21:32:29.174,2,77343,71800,2,72050,76916,2
1748,0001,2021-02-12 21:32:30.189,2,77343,71801,1,72051,76916,1
1749,0001,2021-02-12 21:32:31.205,2,77343,71801,1,72051,76916,1
1750,0001,2021-02-12 21:32:32.22,2,77343,71801,1,72051,76916,1
1751,0001,2021-02-12 21:32:33.236,2,77343,71801,1,72051,76916,1
1752,0001,2021-02-12 21:32:34.251,2,77343,71801,1,72051,76916,1
1753,0001,2021-02-12 21:32:35.266,2,77343,71801,1,72051,76916,1
1754,0001,2021-02-12 21:32:36.268,2,77343,71801,1,72051,76916,1
1755,0001,2021-02-12 21:32:37.283,2,77343,71801,1,72051,76916,1
1756,0001,2021-02-12 21:32:38.299,2,77343,71801,1,72051,76916,1
1757,0001,2021-02-12 21:32:39.314,2,77343,71801,1,72051,76916,1
1758,0001,2021-02-12 21:32:40.33,2,77343,71801,1,72051,76916,1
1759,0001,2021-02-12 21:32:41.345,2,77343,71802,0,72052,76916,0
1760,0001,2021-02-12 21:32:42.36,2,77343,71802,0,72052,76916,0
1761,0001,2021-02-12 21:32:43.375,2,77343,71802,0,72052,76916,0
1762,0001,2021-02-12 21:32:44.391,2,77343,71802,0,72052,76916,0
1763,0001,2021-02-12 21:32:45.407,2,77343,71802,0,72052,76916,0
1764,0001,2021-02-12 21:32:46.422,2,77343,71802,0,72052,76916,0
1765,0001,2021-02-12 21:32:47.437,2,77343,71802,0,72052,76916,0
1766,0001,2021-02-12 21:32:48.453,2,77343,71802,0,72052,76916,0
1767,0001,2021-02-12 21:32:49.468,2,77343,71802,0,72052,76916,0
1768,0001,2021-02-12 21:32:50.483,2,77343,71802,0,72052,76916,0
1769,0001,2021-02-12 21:33:14.824,2,77343,71802,0,72052,76916,0
1770,0001,2021-02-12 21:33:15.84,2,77343,71802,0,72052,76916,0
1771,0001,2021-02-12 21:33:16.855,2,77343,71802,0,72052,76916,0
1772,0001,2021-02-12 21:33:17.87,2,77343,71802,0,72052,76916,0
1773,0001,2021-02-12 21:33:18.886,2,77343,71802,0,72052,76916,0
1774,0001,2021-02-12 21:33:19.901,2,77343,71802,0,72052,76916,0
1775,0001,2021-02-12 21:33:20.902,2,77343,71802,0,72052,76916,0
1776,0001,2021-02-12 21:33:21.918,2,77343,71802,0,72052,76916,0
1777,0001,2021-02-12 21:33:23.949,2,77343,71802,0,72052,76916,0
1778,0001,2021-02-12 21:33:24.964,2,77343,71802,0,72052,76916,0
1779,0001,2021-02-12 21:33:25.979,2,77343,71802,0,72052,76916,0
1780,0001,2021-02-12 21:33:26.995,2,77343,71802,0,72052,76916,0
1781,0001,2021-02-12 21:33:28.01,2,77343,71802,0,72052,76916,0
1782,0001,2021-02-12 21:33:39.165,2,77343,71802,0,72052,76916,0
1783,0001,2021-02-12 21:33:40.181,2,77343,71802,0,72052,76916,0
1784,0001,2021-02-12 21:33:41.196,2,77343,71802,0,72052,76916,0
1785,0001,2021-02-12 21:33:42.212,2,77343,71802,0,72052,76916,0
1786,0001,2021-02-12 21:33:43.227,2,77343,71802,0,72052,76916,0
1787,0001,2021-02-12 21:33:44.242,2,77343,71802,0,72052,76916,0
1788,0001,2021-02-12 21:33:45.257,2,77343,71802,0,72052,76916,0
1789,0001,2021-02-12 21:33:46.273,2,77343,71802,0,72052,76916,0
1790,0001,2021-02-12 21:33:47.289,2,77343,71802,0,72052,76916,0
1791,0001,2021-02-12 21:33:48.304,2,77343,71802,0,72052,76916,0
1792,0001,2021-02-12 21:33:51.336,2,77343,71802,0,72052,76916,0
1793,0001,2021-02-12 21:33:52.352,2,77343,71802,0,72052,76916,0
1794,0001,2021-02-12 21:33:53.367,2,77343,71802,0,72052,76916,0
1795,0001,2021-02-12 21:33:54.382,2,77343,71802,0,72052,76916,0
1796,0001,2021-02-12 21:33:55.398,2,77343,71802,0,72052,76916,0
1797,0001,2021-02-12 21:33:56.413,2,77343,71802,0,72052,76916,0
1798,0001,2021-02-12 21:33:57.429,2,77343,71802,0,72052,76916,0
1799,0001,2021-02-12 21:33:58.444,2,77343,71802,0,72052,76916,0
1800,0001,2021-02-12 21:33:59.459,2,77343,71802,0,72052,76916,0
1801,0001,2021-02-12 21:34:00.475,2,77343,71802,0,72052,76916,0
1802,0001,2021-02-12 21:34:01.49,2,77343,71802,1,72052,76916,1
1803,0001,2021-02-12 21:34:02.505,2,77343,71802,1,72052,76916,1
1804,0001,2021-02-12 21:34:03.521,2,77343,71802,1,72052,76916,1
1805,0001,2021-02-12 21:34:04.536,2,77343,71802,1,72052,76916,1
1806,0001,2021-02-12 21:34:05.552,2,77343,71802,1,72052,76916,1
1807,0001,2021-02-12 21:34:06.553,2,77343,71802,1,72052,76916,1
1808,0001,2021-02-12 21:34:07.569,2,77343,71802,1,72052,76916,1
1809,0001,2021-02-12 21:34:08.584,2,77343,71802,1,72052,76916,1
1810,0001,2021-02-12 21:34:09.599,2,77343,71802,1,72052,76916,1
1811,0001,2021-02-12 21:34:10.615,2,77343,71802,1,72052,76916,1
1812,0001,2021-02-12 21:34:11.63,2,77343,71802,1,72052,76916,1
1813,0001,2021-02-12 21:34:12.646,2,77343,71803,0,72053,76916,0
1814,0001,2021-02-12 21:34:13.661,2,77343,71803,1,72053,76916,1
1815,0001,2021-02-12 21:34:14.676,2,77343,71803,1,72053,76916,1
1816,0001,2021-02-12 21:34:15.692,2,77343,71803,1,72053,76916,1
1817,0001,2021-02-12 21:34:16.707,2,77343,71803,1,72053,76916,1
1818,0001,2021-02-12 21:34:17.722,2,77343,71803,1,72053,76916,1
1819,0001,2021-02-12 21:34:18.738,2,77343,71803,1,72053,76916,1
1820,0001,2021-02-12 21:34:19.753,2,77343,71803,1,72053,76916,1
1821,0001,2021-02-12 21:34:20.769,2,77343,71803,1,72053,76916,1
1822,0001,2021-02-12 21:34:21.77,2,77343,71803,2,72053,76916,2
1823,0001,2021-02-12 21:34:22.785,2,77343,71804,1,72054,76916,1
1824,0001,2021-02-12 21:34:23.801,2,77343,71804,1,72054,76916,1
1825,0001,2021-02-12 21:34:24.816,2,77343,71804,1,72054,76916,1
1826,0001,2021-02-12 21:34:25.832,2,77343,71804,1,72054,76916,1
1827,0001,2021-02-12 21:34:26.847,2,77343,71804,1,72054,76916,1
1828,0001,2021-02-12 21:34:27.862,2,77343,71804,1,72054,76916,1
1829,0001,2021-02-12 21:34:28.878,2,77343,71804,1,72054,76916,1
1830,0001,2021-02-12 21:34:29.893,2,77343,71804,1,72054,76916,1
1831,0001,2021-02-12 21:34:30.909,2,77343,71804,1,72054,76916,1
1832,0001,2021-02-12 21:34:31.924,2,77343,71804,1,72054,76916,1
1833,0001,2021-02-12 21:34:32.939,2,77343,71805,0,72055,76916,0
1834,0001,2021-02-12 21:34:33.955,2,77343,71805,0,72055,76916,0
1835,0001,2021-02-12 21:34:34.97,2,77343,71805,0,72055,76916,0
1836,0001,2021-02-12 21:34:35.971,2,77343,71805,0,72055,76916,0
1837,0001,2021-02-12 21:34:36.987,2,77343,71805,0,72055,76916,0
1838,0001,2021-02-12 21:34:38.002,2,77343,71805,0,72055,76916,0
1839,0001,2021-02-12 21:34:39.018,2,77343,71805,0,72055,76916,0
1840,0001,2021-02-12 21:34:40.033,2,77343,71805,0,72055,76916,0
1841,0001,2021-02-12 21:34:56.266,2,77343,71805,0,72055,76916,0
1842,0001,2021-02-12 21:34:57.281,2,77343,71805,0,72055,76916,0
1843,0001,2021-02-12 21:34:58.296,2,77343,71805,0,72055,76916,0
1844,0001,2021-02-12 21:34:59.312,2,77343,71805,0,72055,76916,0
1845,0001,2021-02-12 21:35:00.327,2,77343,71805,0,72055,76916,0
1846,0001,2021-02-12 21:35:01.343,2,77343,71805,0,72055,76916,0
1847,0001,2021-02-12 21:35:02.358,2,77343,71805,0,72055,76916,0
1848,0001,2021-02-12 21:35:03.373,2,77343,71805,0,72055,76916,0
1849,0001,2021-02-12 21:35:04.389,2,77343,71805,0,72055,76916,0
1850,0001,2021-02-12 21:35:05.404,2,77343,71805,0,72055,76916,0
1851,0001,2021-02-12 21:35:06.405,2,77343,71805,0,72055,76916,0
1852,0001,2021-02-12 21:35:07.421,2,77343,71805,0,72055,76916,0
1853,0001,2021-02-12 21:35:08.436,2,77343,71805,0,72055,76916,0
1854,0001,2021-02-12 21:35:09.452,2,77343,71805,0,72055,76916,0
1855,0001,2021-02-12 21:35:10.467,2,77343,71805,0,72055,76916,0
1856,0001,2021-02-12 21:35:11.482,2,77343,71805,0,72055,76916,0
1857,0001,2021-02-12 21:35:12.498,2,77343,71805,0,72055,76916,0
1858,0001,2021-02-12 21:35:13.513,2,77343,71805,0,72055,76916,0
1859,0001,2021-02-12 21:35:14.528,2,77343,71805,0,72055,76916,0
1860,0001,2021-02-12 21:35:15.544,2,77343,71805,0,72055,76916,0
1861,0001,2021-02-12 21:35:16.559,2,77343,71805,0,72055,76916,0
1862,0001,2021-02-12 21:35:17.575,2,77343,71805,0,72055,76916,0
1863,0001,2021-02-12 21:35:18.59,2,77343,71805,0,72055,76916,0
1864,0001,2021-02-12 21:35:19.605,2,77343,71805,0,72055,76916,0
1865,0001,2021-02-12 21:35:20.621,2,77343,71805,0,72055,76916,0
1866,0001,2021-02-12 21:35:21.622,2,77343,71805,0,72055,76916,0
1867,0001,2021-02-12 21:35:22.637,2,77343,71805,0,72055,76916,0
1868,0001,2021-02-12 21:35:23.653,2,77343,71805,0,72055,76916,0
1869,0001,2021-02-12 21:35:24.668,2,77343,71805,0,72055,76916,0
1870,0001,2021-02-12 21:35:25.684,2,77343,71805,0,72055,76916,0
1871,0001,2021-02-12 21:35:26.699,2,77343,71805,0,72055,76916,0
1872,0001,2021-02-12 21:35:27.714,2,77343,71805,0,72055,76916,0
1873,0001,2021-02-12 21:35:28.73,2,77343,71805,0,72055,76916,0
1874,0001,2021-02-12 21:35:29.745,2,77343,71805,0,72055,76916,0
1875,0001,2021-02-12 21:35:30.76,2,77343,71805,0,72055,76916,0
1876,0001,2021-02-12 21:35:56.117,2,77343,71805,0,72055,76916,0
1877,0001,2021-02-12 21:35:57.133,2,77343,71805,0,72055,76916,0
1878,0001,2021-02-12 21:35:58.148,2,77343,71805,0,72055,76916,0
1879,0001,2021-02-12 21:35:59.164,2,77343,71805,0,72055,76916,0
1880,0001,2021-02-12 21:36:00.179,2,77343,71805,0,72055,76916,0
1881,0001,2021-02-12 21:36:01.194,2,77343,71805,0,72055,76916,0
1882,0001,2021-02-12 21:36:02.209,2,77343,71805,0,72055,76916,0
1883,0001,2021-02-12 21:36:03.225,2,77343,71805,0,72055,76916,0
1884,0001,2021-02-12 21:36:04.241,2,77343,71805,0,72055,76916,0
1885,0001,2021-02-12 21:36:05.256,2,77343,71805,0,72055,76916,0
1886,0001,2021-02-12 21:36:06.257,2,77343,71805,0,72055,76916,0
1887,0001,2021-02-12 21:36:22.489,2,77343,71805,0,72055,76916,0
1888,0001,2021-02-12 21:36:23.504,2,77343,71805,0,72055,76916,0
1889,0001,2021-02-12 21:36:24.52,2,77343,71805,0,72055,76916,0
1890,0001,2021-02-12 21:36:25.535,2,77343,71805,0,72055,76916,0
1891,0001,2021-02-12 21:36:26.551,2,77343,71805,0,72055,76916,0
1892,0001,2021-02-12 21:36:27.566,2,77343,71805,0,72055,76916,0
1893,0001,2021-02-12 21:36:28.581,2,77343,71805,0,72055,76916,0
1894,0001,2021-02-12 21:36:29.597,2,77343,71805,0,72055,76916,0
1895,0001,2021-02-12 21:36:30.612,2,77343,71805,0,72055,76916,0
1896,0001,2021-02-12 21:36:31.628,2,77343,71805,1,72055,76916,1
1897,0001,2021-02-12 21:36:32.643,2,77343,71805,1,72055,76916,1
1898,0001,2021-02-12 21:36:33.658,2,77343,71805,1,72055,76916,1
1899,0001,2021-02-12 21:36:34.674,2,77343,71805,1,72055,76916,1
1900,0001,2021-02-12 21:36:35.689,2,77343,71805,1,72055,76916,1
1901,0001,2021-02-12 21:36:36.69,2,77343,71805,1,72055,76916,1
1902,0001,2021-02-12 21:36:37.706,2,77343,71805,1,72055,76916,1
1903,0001,2021-02-12 21:36:38.721,2,77343,71805,1,72055,76916,1
1904,0001,2021-02-12 21:36:39.737,2,77343,71805,1,72055,76916,1
1905,0001,2021-02-12 21:36:40.752,2,77343,71805,1,72055,76916,1
1906,0001,2021-02-12 21:36:41.767,2,77343,71806,0,72056,76916,0
1907,0001,2021-02-12 21:36:42.783,2,77343,71806,0,72056,76916,0
1908,0001,2021-02-12 21:36:43.798,2,77343,71806,0,72056,76916,0
1909,0001,2021-02-12 21:36:44.814,2,77343,71806,0,72056,76916,0
1910,0001,2021-02-12 21:36:45.829,2,77343,71806,0,72056,76916,0
1911,0001,2021-02-12 21:36:46.844,2,77343,71806,0,72056,76916,0
1912,0001,2021-02-12 21:36:51.907,2,77343,71806,0,72056,76916,0
1913,0001,2021-02-12 21:36:52.922,2,77343,71806,0,72056,76916,0
1914,0001,2021-02-12 21:36:56.984,2,77343,71806,0,72056,76916,0
1915,0001,2021-02-12 21:36:57.999,2,77343,71806,0,72056,76916,0
1916,0001,2021-02-12 21:36:59.015,2,77343,71806,0,72056,76916,0
1917,0001,2021-02-12 21:37:00.03,2,77343,71806,0,72056,76916,0
1918,0001,2021-02-12 21:37:01.045,2,77343,71806,0,72056,76916,0
1919,0001,2021-02-12 21:37:02.061,2,77343,71806,0,72056,76916,0
1920,0001,2021-02-12 21:37:03.076,2,77343,71806,0,72056,76916,0
1921,0001,2021-02-12 21:37:04.092,2,77343,71806,0,72056,76916,0
1922,0001,2021-02-12 21:37:05.107,2,77343,71806,0,72056,76916,0
1923,0001,2021-02-12 21:37:06.122,2,77343,71806,0,72056,76916,0
1924,0001,2021-02-12 21:37:07.137,2,77343,71806,0,72056,76916,0
1925,0001,2021-02-12 21:37:08.145,2,77343,71806,0,72056,76916,0
1926,0001,2021-02-12 21:37:09.161,2,77343,71806,0,72056,76916,0
1927,0001,2021-02-12 21:37:10.162,2,77343,71806,0,72056,76916,0
1928,0001,2021-02-12 21:37:11.164,2,77343,71806,0,72056,76916,0
1929,0001,2021-02-12 21:37:12.166,2,77343,71806,0,72056,76916,0
1930,0001,2021-02-12 21:37:13.181,2,77343,71806,0,72056,76916,0
1931,0001,2021-02-12 21:37:14.196,2,77343,71806,0,72056,76916,0
1932,0001,2021-02-12 21:37:15.212,2,77343,71806,0,72056,76916,0
1933,0001,2021-02-12 21:37:16.213,2,77343,71806,0,72056,76916,0
1934,0001,2021-02-12 21:37:17.228,2,77343,71806,0,72056,76916,0
1935,0001,2021-02-12 21:37:18.244,2,77343,71806,0,72056,76916,0
1936,0001,2021-02-12 21:37:19.259,2,77343,71806,0,72056,76916,0
1937,0001,2021-02-12 21:37:20.275,2,77343,71806,2,72056,76916,2
1938,0001,2021-02-12 21:37:21.276,2,77343,71806,2,72056,76916,2
1939,0001,2021-02-12 21:37:22.291,2,77343,71806,2,72056,76916,2
1940,0001,2021-02-12 21:37:23.307,2,77343,71806,2,72056,76916,2
1941,0001,2021-02-12 21:37:24.322,2,77343,71806,2,72056,76916,2
1942,0001,2021-02-12 21:37:25.337,2,77343,71806,2,72056,76916,2
1943,0001,2021-02-12 21:37:26.353,2,77343,71806,2,72056,76916,2
1944,0001,2021-02-12 21:37:27.368,2,77343,71806,2,72056,76916,2
1945,0001,2021-02-12 21:37:28.384,2,77343,71806,2,72056,76916,2
1946,0001,2021-02-12 21:37:29.399,2,77343,71806,2,72056,76916,2
1947,0001,2021-02-12 21:37:30.414,2,77343,71807,1,72057,76916,1
1948,0001,2021-02-12 21:37:31.43,2,77343,71808,0,72058,76916,0
1949,0001,2021-02-12 21:37:32.445,2,77343,71808,0,72058,76916,0
1950,0001,2021-02-12 21:37:33.46,2,77343,71808,0,72058,76916,0
1951,0001,2021-02-12 21:37:34.476,2,77343,71808,0,72058,76916,0
1952,0001,2021-02-12 21:37:35.491,2,77343,71808,0,72058,76916,0
1953,0001,2021-02-12 21:37:36.493,2,77343,71808,0,72058,76916,0
1954,0001,2021-02-12 21:37:37.508,2,77343,71808,0,72058,76916,0
1955,0001,2021-02-12 21:37:38.524,2,77343,71808,0,72058,76916,0
1956,0001,2021-02-12 21:37:39.539,2,77343,71808,0,72058,76916,0
1957,0001,2021-02-12 21:37:40.554,2,77343,71808,0,72058,76916,0
1958,0001,2021-02-12 21:37:41.57,2,77343,71808,1,72058,76916,1
1959,0001,2021-02-12 21:37:42.585,2,77343,71808,1,72058,76916,1
1960,0001,2021-02-12 21:37:43.6,2,77343,71808,3,72058,76916,3
1961,0001,2021-02-12 21:37:44.616,2,77343,71808,3,72058,76916,3
1962,0001,2021-02-12 21:37:45.631,2,77343,71808,3,72058,76916,3
1963,0001,2021-02-12 21:37:46.647,2,77343,71808,3,72058,76916,3
1964,0001,2021-02-12 21:37:47.662,2,77343,71808,3,72058,76916,3
1965,0001,2021-02-12 21:37:48.677,2,77343,71808,3,72058,76916,3
1966,0001,2021-02-12 21:37:49.693,2,77343,71808,4,72058,76916,4
1967,0001,2021-02-12 21:37:50.708,2,77343,71809,3,72059,76916,3
1968,0001,2021-02-12 21:37:51.709,2,77343,71809,3,72059,76916,3
1969,0001,2021-02-12 21:37:52.725,2,77343,71809,3,72059,76916,3
1970,0001,2021-02-12 21:37:53.74,2,77343,71809,4,72059,76916,4
1971,0001,2021-02-12 21:37:54.756,2,77343,71809,5,72059,76916,5
1972,0001,2021-02-12 21:37:55.771,2,77343,71809,5,72059,76916,5
1973,0001,2021-02-12 21:37:56.786,2,77343,71809,5,72059,76916,5
1974,0001,2021-02-12 21:37:57.797,2,77343,71810,4,72060,76916,4
1975,0001,2021-02-12 21:37:58.813,2,77343,71811,3,72061,76916,3
1976,0001,2021-02-12 21:37:59.828,2,77343,71811,3,72061,76916,3
1977,0001,2021-02-12 21:38:00.844,2,77343,71811,3,72061,76916,3
1978,0001,2021-02-12 21:38:01.859,2,77343,71813,1,72063,76916,1
1979,0001,2021-02-12 21:38:02.875,2,77343,71813,1,72063,76916,1
1980,0001,2021-02-12 21:38:03.89,2,77343,71813,1,72063,76916,1
1981,0001,2021-02-12 21:38:04.905,2,77343,71814,0,72064,76916,0
1982,0001,2021-02-12 21:38:05.907,2,77343,71814,0,72064,76916,0
1983,0001,2021-02-12 21:38:06.922,2,77343,71814,0,72064,76916,0
1984,0001,2021-02-12 21:38:07.937,2,77343,71814,0,72064,76916,0
1985,0001,2021-02-12 21:38:08.953,2,77343,71814,0,72064,76916,0
1986,0001,2021-02-12 21:38:09.968,2,77343,71814,0,72064,76916,0
1987,0001,2021-02-12 21:38:10.984,2,77343,71814,0,72064,76916,0
1988,0001,2021-02-12 21:38:11.999,2,77343,71814,0,72064,76916,0
1989,0001,2021-02-12 21:38:13.014,2,77343,71814,0,72064,76916,0
1990,0001,2021-02-12 21:38:23.154,2,77343,71814,0,72064,76916,0
1991,0001,2021-02-12 21:38:24.17,2,77343,71814,0,72064,76916,0
1992,0001,2021-02-12 21:38:25.185,2,77343,71814,0,72064,76916,0
1993,0001,2021-02-12 21:38:26.2,2,77343,71814,0,72064,76916,0
1994,0001,2021-02-12 21:38:27.216,2,77343,71814,0,72064,76916,0
1995,0001,2021-02-12 21:38:28.231,2,77343,71814,0,72064,76916,0
1996,0001,2021-02-12 21:38:29.246,2,77343,71814,0,72064,76916,0
1997,0001,2021-02-12 21:38:30.262,2,77343,71814,0,72064,76916,0
1998,0001,2021-02-12 21:38:31.277,2,77343,71814,0,72064,76916,0
1999,0001,2021-02-12 21:38:32.293,2,77343,71814,0,72064,76916,0
2000,0001,2021-02-12 21:38:33.308,2,77343,71814,1,72064,76916,1
2001,0001,2021-02-12 21:38:34.323,2,77343,71814,1,72064,76916,1
2002,0001,2021-02-12 21:38:35.338,2,77343,71814,1,72064,76916,1
2003,0001,2021-02-12 21:38:36.34,2,77343,71814,1,72064,76916,1
2004,0001,2021-02-12 21:38:37.355,2,77343,71814,1,72064,76916,1
2005,0001,2021-02-12 21:38:38.371,2,77343,71814,1,72064,76916,1
2006,0001,2021-02-12 21:38:39.386,2,77343,71814,1,72064,76916,1
2007,0001,2021-02-12 21:38:40.402,2,77343,71814,1,72064,76916,1
2008,0001,2021-02-12 21:38:41.417,2,77343,71814,1,72064,76916,1
2009,0001,2021-02-12 21:38:42.432,2,77343,71814,1,72064,76916,1
2010,0001,2021-02-12 21:38:43.448,2,77343,71814,1,72064,76916,1
2011,0001,2021-02-12 21:38:44.463,2,77343,71814,1,72064,76916,1
2012,0001,2021-02-12 21:38:45.479,2,77343,71815,0,72065,76916,0
2013,0001,2021-02-12 21:38:46.494,2,77343,71815,0,72065,76916,0
2014,0001,2021-02-12 21:38:48.525,2,77343,71815,0,72065,76916,0
2015,0001,2021-02-12 21:38:49.54,2,77343,71815,0,72065,76916,0
2016,0001,2021-02-12 21:38:50.555,2,77343,71815,0,72065,76916,0
2017,0001,2021-02-12 21:38:51.557,2,77343,71815,0,72065,76916,0
2018,0001,2021-02-12 21:38:52.572,2,77343,71815,0,72065,76916,0
2019,0001,2021-02-12 21:38:53.587,2,77343,71815,0,72065,76916,0
2020,0001,2021-02-12 21:38:54.603,2,77343,71815,0,72065,76916,0
2021,0001,2021-02-12 21:38:55.618,2,77343,71815,0,72065,76916,0
2022,0001,2021-02-12 21:38:56.634,2,77343,71815,0,72065,76916,0
2023,0001,2021-02-12 21:38:57.649,2,77343,71815,0,72065,76916,0
2024,0001,2021-02-12 21:38:58.665,2,77343,71815,0,72065,76916,0
2025,0001,2021-02-12 21:38:59.68,2,77343,71815,0,72065,76916,0
2026,0001,2021-02-12 21:39:00.695,2,77343,71815,0,72065,76916,0
2027,0001,2021-02-12 21:39:01.711,2,77343,71815,0,72065,76916,0
2028,0001,2021-02-12 21:39:02.726,2,77343,71815,0,72065,76916,0
2029,0001,2021-02-12 21:39:03.741,2,77343,71815,0,72065,76916,0
2030,0001,2021-02-12 21:39:04.757,2,77343,71815,0,72065,76916,0
2031,0001,2021-02-12 21:39:05.772,2,77343,71815,0,72065,76916,0
2032,0001,2021-02-12 21:39:06.774,2,77343,71815,0,72065,76916,0
2033,0001,2021-02-12 21:39:07.789,2,77343,71815,0,72065,76916,0
2034,0001,2021-02-12 21:39:08.804,2,77343,71815,0,72065,76916,0
2035,0001,2021-02-12 21:39:09.82,2,77343,71815,0,72065,76916,0
2036,0001,2021-02-12 21:39:10.835,2,77343,71815,0,72065,76916,0
2037,0001,2021-02-12 21:39:11.851,2,77343,71815,0,72065,76916,0
2038,0001,2021-02-12 21:39:12.866,2,77343,71815,0,72065,76916,0
2039,0001,2021-02-12 21:39:13.881,2,77343,71815,0,72065,76916,0
2040,0001,2021-02-12 21:39:14.897,2,77343,71815,0,72065,76916,0
2041,0001,2021-02-12 21:39:15.912,2,77343,71815,0,72065,76916,0
2042,0001,2021-02-12 21:39:16.928,2,77343,71815,1,72065,76916,1
2043,0001,2021-02-12 21:39:17.943,2,77343,71815,1,72065,76916,1
2044,0001,2021-02-12 21:39:18.958,2,77343,71815,1,72065,76916,1
2045,0001,2021-02-12 21:39:19.974,2,77343,71815,1,72065,76916,1
2046,0001,2021-02-12 21:39:20.977,2,77343,71815,1,72065,76916,1
2047,0001,2021-02-12 21:39:21.993,2,77343,71815,1,72065,76916,1
2048,0001,2021-02-12 21:39:23.008,2,77343,71815,1,72065,76916,1
2049,0001,2021-02-12 21:39:24.024,2,77343,71815,1,72065,76916,1
2050,0001,2021-02-12 21:39:25.039,2,77343,71815,1,72065,76916,1
2051,0001,2021-02-12 21:39:26.054,2,77343,71815,1,72065,76916,1
2052,0001,2021-02-12 21:39:27.07,2,77343,71816,0,72066,76916,0
2053,0001,2021-02-12 21:39:28.085,2,77343,71816,0,72066,76916,0
2054,0001,2021-02-12 21:39:29.101,2,77343,71816,0,72066,76916,0
2055,0001,2021-02-12 21:39:30.116,2,77343,71816,0,72066,76916,0
2056,0001,2021-02-12 21:39:31.131,2,77343,71816,0,72066,76916,0
2057,0001,2021-02-12 21:39:32.147,2,77343,71816,0,72066,76916,0
2058,0001,2021-02-12 21:39:33.162,2,77343,71816,0,72066,76916,0
2059,0001,2021-02-12 21:39:34.178,2,77343,71816,0,72066,76916,0
2060,0001,2021-02-12 21:39:35.193,2,77343,71816,0,72066,76916,0
2061,0001,2021-02-12 21:39:36.194,2,77343,71816,0,72066,76916,0
2062,0001,2021-02-12 21:39:37.21,2,77343,71816,0,72066,76916,0
2063,0001,2021-02-12 21:39:38.225,2,77343,71816,0,72066,76916,0
2064,0001,2021-02-12 21:39:39.24,2,77343,71816,0,72066,76916,0
2065,0001,2021-02-12 21:39:40.256,2,77343,71816,0,72066,76916,0
2066,0001,2021-02-12 21:39:41.271,2,77343,71816,0,72066,76916,0
2067,0001,2021-02-12 21:39:42.286,2,77343,71816,1,72066,76916,1
2068,0001,2021-02-12 21:39:43.302,2,77343,71816,1,72066,76916,1
2069,0001,2021-02-12 21:39:44.317,2,77343,71816,1,72066,76916,1
2070,0001,2021-02-12 21:39:45.333,2,77343,71816,1,72066,76916,1
2071,0001,2021-02-12 21:39:46.348,2,77343,71816,1,72066,76916,1
2072,0001,2021-02-12 21:39:47.363,2,77343,71816,1,72066,76916,1
2073,0001,2021-02-12 21:39:48.379,2,77343,71816,1,72066,76916,1
2074,0001,2021-02-12 21:39:49.394,2,77343,71816,1,72066,76916,1
2075,0001,2021-02-12 21:39:50.41,2,77343,71816,1,72066,76916,1
2076,0001,2021-02-12 21:39:51.411,2,77343,71816,1,72066,76916,1
2077,0001,2021-02-12 21:39:52.426,2,77343,71816,1,72066,76916,1
2078,0001,2021-02-12 21:39:53.442,2,77343,71817,0,72067,76916,0
2079,0001,2021-02-12 21:39:54.457,2,77343,71817,0,72067,76916,0
2080,0001,2021-02-12 21:39:55.472,2,77343,71817,0,72067,76916,0
2081,0001,2021-02-12 21:39:56.488,2,77343,71817,0,72067,76916,0
2082,0001,2021-02-12 21:39:57.503,2,77343,71817,0,72067,76916,0
2083,0001,2021-02-12 21:39:58.519,2,77343,71817,0,72067,76916,0
2084,0001,2021-02-12 21:40:00.549,2,77343,71817,0,72067,76916,0
2085,0001,2021-02-12 21:40:01.565,2,77343,71817,0,72067,76916,0
2086,0001,2021-02-12 21:40:02.58,2,77343,71817,0,72067,76916,0
2087,0001,2021-02-12 21:40:03.596,2,77343,71817,0,72067,76916,0
2088,0001,2021-02-12 21:40:04.611,2,77343,71817,0,72067,76916,0
2089,0001,2021-02-12 21:40:05.626,2,77343,71817,0,72067,76916,0
2090,0001,2021-02-12 21:40:06.628,2,77343,71817,0,72067,76916,0
2091,0001,2021-02-12 21:40:07.643,2,77343,71817,0,72067,76916,0
2092,0001,2021-02-12 21:40:08.658,2,77343,71817,0,72067,76916,0
2093,0001,2021-02-12 21:40:09.674,2,77343,71817,0,72067,76916,0
2094,0001,2021-02-12 21:40:10.689,2,77343,71817,0,72067,76916,0
2095,0001,2021-02-12 21:40:11.705,2,77343,71817,0,72067,76916,0
2096,0001,2021-02-12 21:40:12.72,2,77343,71817,0,72067,76916,0
2097,0001,2021-02-12 21:40:13.735,2,77343,71817,0,72067,76916,0
2098,0001,2021-02-12 21:40:14.751,2,77343,71817,0,72067,76916,0
2099,0001,2021-02-12 21:40:15.766,2,77343,71817,0,72067,76916,0
2100,0001,2021-02-12 21:40:16.781,2,77343,71817,0,72067,76916,0
2101,0001,2021-02-12 21:40:17.797,2,77343,71817,0,72067,76916,0
2102,0001,2021-02-12 21:40:18.812,2,77343,71817,0,72067,76916,0
2103,0001,2021-02-12 21:40:19.828,2,77343,71817,0,72067,76916,0
2104,0001,2021-02-12 21:40:20.843,2,77343,71817,0,72067,76916,0
2105,0001,2021-02-12 21:40:21.844,2,77343,71817,0,72067,76916,0
2106,0001,2021-02-12 21:40:22.86,2,77343,71817,1,72067,76916,1
2107,0001,2021-02-12 21:40:23.875,2,77343,71817,1,72067,76916,1
2108,0001,2021-02-12 21:40:24.89,2,77343,71817,1,72067,76916,1
2109,0001,2021-02-12 21:40:25.906,2,77343,71817,2,72067,76916,2
2110,0001,2021-02-12 21:40:26.921,2,77343,71817,2,72067,76916,2
2111,0001,2021-02-12 21:40:27.936,2,77343,71817,2,72067,76916,2
2112,0001,2021-02-12 21:40:28.952,2,77343,71817,2,72067,76916,2
2113,0001,2021-02-12 21:40:29.967,2,77343,71817,2,72067,76916,2
2114,0001,2021-02-12 21:40:30.982,2,77343,71817,2,72067,76916,2
2115,0001,2021-02-12 21:40:31.998,2,77343,71817,2,72067,76916,2
2116,0001,2021-02-12 21:40:33.013,2,77343,71818,2,72068,76916,2
2117,0001,2021-02-12 21:40:34.029,2,77343,71818,2,72068,76916,2
2118,0001,2021-02-12 21:40:35.044,2,77343,71818,2,72068,76916,2
2119,0001,2021-02-12 21:40:36.046,2,77343,71818,2,72068,76916,2
2120,0001,2021-02-12 21:40:37.061,2,77343,71818,3,72068,76916,3
2121,0001,2021-02-12 21:40:38.076,2,77343,71818,3,72068,76916,3
2122,0001,2021-02-12 21:40:39.092,2,77343,71818,3,72068,76916,3
2123,0001,2021-02-12 21:40:40.107,2,77343,71818,2,72068,76916,2
2124,0001,2021-02-12 21:40:41.123,2,77343,71819,1,72069,76916,1
2125,0001,2021-02-12 21:40:42.138,2,77343,71819,1,72069,76916,1
2126,0001,2021-02-12 21:40:43.154,2,77344,71819,0,72069,76917,0
2127,0001,2021-02-12 21:40:44.169,2,77344,71819,0,72069,76917,0
2128,0001,2021-02-12 21:40:45.184,2,77344,71819,0,72069,76917,0
2129,0001,2021-02-12 21:40:46.199,2,77344,71819,0,72069,76917,0
2130,0001,2021-02-12 21:40:47.215,2,77344,71819,0,72069,76917,0
2131,0001,2021-02-12 21:40:48.23,2,77344,71819,0,72069,76917,0
2132,0001,2021-02-12 21:40:49.246,2,77344,71819,0,72069,76917,0
2133,0001,2021-02-12 21:40:50.261,2,77344,71819,0,72069,76917,0
2134,0001,2021-02-12 21:40:51.263,2,77344,71819,0,72069,76917,0
2135,0001,2021-02-12 21:40:52.278,2,77344,71819,0,72069,76917,0
2136,0001,2021-02-12 21:40:53.293,2,77344,71819,0,72069,76917,0
2137,0001,2021-02-12 21:40:54.309,2,77344,71819,0,72069,76917,0
2138,0001,2021-02-12 21:40:55.324,2,77344,71819,0,72069,76917,0
2139,0001,2021-02-12 21:41:11.556,2,77344,71819,0,72069,76917,0
2140,0001,2021-02-12 21:41:12.572,2,77344,71819,0,72069,76917,0
2141,0001,2021-02-12 21:41:13.587,2,77344,71819,0,72069,76917,0
2142,0001,2021-02-12 21:41:14.603,2,77344,71819,0,72069,76917,0
2143,0001,2021-02-12 21:41:15.618,2,77344,71819,1,72069,76917,1
2144,0001,2021-02-12 21:41:16.633,2,77344,71819,1,72069,76917,1
2145,0001,2021-02-12 21:41:17.649,2,77344,71819,1,72069,76917,1
2146,0001,2021-02-12 21:41:18.664,2,77344,71819,1,72069,76917,1
2147,0001,2021-02-12 21:41:19.68,2,77344,71819,1,72069,76917,1
2148,0001,2021-02-12 21:41:20.695,2,77344,71819,1,72069,76917,1
2149,0001,2021-02-12 21:41:21.696,2,77344,71819,1,72069,76917,1
2150,0001,2021-02-12 21:41:22.712,2,77344,71819,1,72069,76917,1
2151,0001,2021-02-12 21:41:23.727,2,77344,71819,1,72069,76917,1
2152,0001,2021-02-12 21:41:24.743,2,77345,71819,0,72069,76918,0
2153,0001,2021-02-12 21:41:25.758,2,77345,71819,0,72069,76918,0
2154,0001,2021-02-12 21:41:26.773,2,77345,71819,0,72069,76918,0
2155,0001,2021-02-12 21:41:27.789,2,77345,71819,0,72069,76918,0
2156,0001,2021-02-12 21:41:28.804,2,77345,71819,0,72069,76918,0
2157,0001,2021-02-12 21:41:29.819,2,77345,71819,0,72069,76918,0
2158,0001,2021-02-12 21:41:30.835,2,77345,71819,0,72069,76918,0
2159,0001,2021-02-12 21:41:31.85,2,77345,71819,0,72069,76918,0
2160,0001,2021-02-12 21:41:32.866,2,77345,71819,0,72069,76918,0
2161,0001,2021-02-12 21:41:33.881,2,77345,71819,0,72069,76918,0
2162,0001,2021-02-12 21:41:34.896,2,77345,71819,0,72069,76918,0
2163,0001,2021-02-12 21:41:35.897,2,77345,71819,0,72069,76918,0
2164,0001,2021-02-12 21:41:36.913,2,77345,71819,0,72069,76918,0
2165,0001,2021-02-12 21:41:37.928,2,77345,71819,0,72069,76918,0
2166,0001,2021-02-12 21:41:38.943,2,77345,71819,0,72069,76918,0
2167,0001,2021-02-12 21:41:39.959,2,77345,71819,0,72069,76918,0
2168,0001,2021-02-12 21:41:40.974,2,77345,71819,0,72069,76918,0
2169,0001,2021-02-12 21:41:48.082,2,77345,71819,0,72069,76918,0
2170,0001,2021-02-12 21:41:49.097,2,77345,71819,0,72069,76918,0
2171,0001,2021-02-12 21:41:50.112,2,77345,71819,0,72069,76918,0
2172,0001,2021-02-12 21:41:55.175,2,77345,71819,0,72069,76918,0
2173,0001,2021-02-12 21:41:56.191,2,77345,71819,0,72069,76918,0
2174,0001,2021-02-12 21:41:57.206,2,77345,71819,0,72069,76918,0
2175,0001,2021-02-12 21:41:58.222,2,77345,71819,0,72069,76918,0
2176,0001,2021-02-12 21:41:59.237,2,77345,71819,0,72069,76918,0
2177,0001,2021-02-12 21:42:00.252,2,77345,71819,0,72069,76918,0
2178,0001,2021-02-12 21:42:01.268,2,77345,71819,0,72069,76918,0
2179,0001,2021-02-12 21:42:02.283,2,77345,71819,0,72069,76918,0
2180,0001,2021-02-12 21:42:03.298,2,77345,71819,0,72069,76918,0
2181,0001,2021-02-12 21:42:04.314,2,77345,71819,0,72069,76918,0
2182,0001,2021-02-12 21:42:15.469,2,77345,71819,0,72069,76918,0
2183,0001,2021-02-12 21:42:16.485,2,77345,71819,0,72069,76918,0
2184,0001,2021-02-12 21:42:17.5,2,77345,71819,0,72069,76918,0
2185,0001,2021-02-12 21:42:18.515,2,77345,71819,0,72069,76918,0
2186,0001,2021-02-12 21:42:19.531,2,77345,71819,0,72069,76918,0
2187,0001,2021-02-12 21:42:20.546,2,77345,71819,0,72069,76918,0
2188,0001,2021-02-12 21:42:21.547,2,77345,71819,0,72069,76918,0
2189,0001,2021-02-12 21:42:22.563,2,77345,71819,0,72069,76918,0
2190,0001,2021-02-12 21:42:23.578,2,77345,71819,0,72069,76918,0
2191,0001,2021-02-12 21:42:24.594,2,77345,71819,1,72069,76918,1
2192,0001,2021-02-12 21:42:25.609,2,77345,71819,1,72069,76918,1
2193,0001,2021-02-12 21:42:26.624,2,77345,71819,1,72069,76918,1
2194,0001,2021-02-12 21:42:27.64,2,77345,71819,1,72069,76918,1
2195,0001,2021-02-12 21:42:28.655,2,77345,71819,1,72069,76918,1
2196,0001,2021-02-12 21:42:29.67,2,77345,71819,1,72069,76918,1
2197,0001,2021-02-12 21:42:30.686,2,77345,71819,1,72069,76918,1
2198,0001,2021-02-12 21:42:31.701,2,77345,71819,1,72069,76918,1
2199,0001,2021-02-12 21:42:32.717,2,77345,71819,1,72069,76918,1
2200,0001,2021-02-12 21:42:33.732,2,77345,71819,1,72069,76918,1
2201,0001,2021-02-12 21:42:34.748,2,77345,71820,0,72070,76918,0
2202,0001,2021-02-12 21:42:35.763,2,77345,71820,0,72070,76918,0
2203,0001,2021-02-12 21:42:36.764,2,77345,71820,0,72070,76918,0
2204,0001,2021-02-12 21:42:37.78,2,77345,71820,0,72070,76918,0
2205,0001,2021-02-12 21:42:38.795,2,77345,71820,0,72070,76918,0
2206,0001,2021-02-12 21:42:39.81,2,77345,71820,0,72070,76918,0
2207,0001,2021-02-12 21:42:40.826,2,77345,71820,0,72070,76918,0
2208,0001,2021-02-12 21:42:41.841,2,77345,71820,0,72070,76918,0
2209,0001,2021-02-12 21:42:42.857,2,77345,71820,0,72070,76918,0
2210,0001,2021-02-12 21:43:13.29,2,77345,71820,0,72070,76918,0
2211,0001,2021-02-12 21:43:14.305,2,77345,71820,0,72070,76918,0
2212,0001,2021-02-12 21:43:15.321,2,77345,71820,0,72070,76918,0
2213,0001,2021-02-12 21:43:16.336,2,77345,71820,0,72070,76918,0
2214,0001,2021-02-12 21:43:17.351,2,77345,71820,0,72070,76918,0
2215,0001,2021-02-12 21:43:27.491,2,77345,71820,0,72070,76918,0
2216,0001,2021-02-12 21:43:28.506,2,77345,71820,0,72070,76918,0
2217,0001,2021-02-12 21:43:29.522,2,77345,71820,0,72070,76918,0
2218,0001,2021-02-12 21:43:30.537,2,77345,71820,0,72070,76918,0
2219,0001,2021-02-12 21:43:31.553,2,77345,71820,0,72070,76918,0
2220,0001,2021-02-12 21:43:32.568,2,77345,71820,0,72070,76918,0
2221,0001,2021-02-12 21:43:33.583,2,77345,71820,0,72070,76918,0
2222,0001,2021-02-12 21:43:34.599,2,77345,71820,0,72070,76918,0
2223,0001,2021-02-12 21:43:35.614,2,77345,71820,0,72070,76918,0
2224,0001,2021-02-12 21:43:36.615,2,77345,71820,0,72070,76918,0
2225,0001,2021-02-12 21:43:37.631,2,77345,71820,0,72070,76918,0
2226,0001,2021-02-12 21:43:38.646,2,77345,71820,0,72070,76918,0
2227,0001,2021-02-12 21:43:39.662,2,77345,71820,0,72070,76918,0
2228,0001,2021-02-12 21:43:40.677,2,77345,71820,0,72070,76918,0
2229,0001,2021-02-12 21:43:41.692,2,77345,71820,0,72070,76918,0
2230,0001,2021-02-12 21:43:42.708,2,77345,71820,0,72070,76918,0
2231,0001,2021-02-12 21:43:43.723,2,77345,71820,0,72070,76918,0
2232,0001,2021-02-12 21:43:44.738,2,77345,71820,0,72070,76918,0
2233,0001,2021-02-12 21:43:45.754,2,77345,71820,0,72070,76918,0
2234,0001,2021-02-12 21:43:46.769,2,77345,71820,0,72070,76918,0
2235,0001,2021-02-12 21:43:47.785,2,77345,71820,0,72070,76918,0
2236,0001,2021-02-12 21:43:48.8,2,77345,71820,0,72070,76918,0
2237,0001,2021-02-12 21:43:49.815,2,77345,71820,1,72070,76918,1
2238,0001,2021-02-12 21:43:50.831,2,77345,71820,1,72070,76918,1
2239,0001,2021-02-12 21:43:51.835,2,77345,71820,1,72070,76918,1
2240,0001,2021-02-12 21:43:52.85,2,77345,71820,1,72070,76918,1
2241,0001,2021-02-12 21:43:53.865,2,77345,71820,1,72070,76918,1
2242,0001,2021-02-12 21:43:54.881,2,77345,71820,1,72070,76918,1
2243,0001,2021-02-12 21:43:55.896,2,77345,71820,1,72070,76918,1
2244,0001,2021-02-12 21:43:56.912,2,77345,71820,1,72070,76918,1
2245,0001,2021-02-12 21:43:57.927,2,77345,71820,1,72070,76918,1
2246,0001,2021-02-12 21:43:58.942,2,77345,71821,0,72071,76918,0
2247,0001,2021-02-12 21:43:59.958,2,77345,71821,0,72071,76918,0
2248,0001,2021-02-12 21:44:00.973,2,77345,71821,0,72071,76918,0
2249,0001,2021-02-12 21:44:01.989,2,77345,71821,0,72071,76918,0
2250,0001,2021-02-12 21:44:03.004,2,77345,71821,0,72071,76918,0
2251,0001,2021-02-12 21:44:04.019,2,77345,71821,0,72071,76918,0
2252,0001,2021-02-12 21:44:05.035,2,77345,71821,0,72071,76918,0
2253,0001,2021-02-12 21:44:06.036,2,77345,71821,0,72071,76918,0
2254,0001,2021-02-12 21:44:07.052,2,77345,71821,0,72071,76918,0
2255,0001,2021-02-12 21:44:08.067,2,77345,71821,0,72071,76918,0
2256,0001,2021-02-12 21:44:09.082,2,77345,71821,0,72071,76918,0
2257,0001,2021-02-12 21:44:32.422,2,77345,71821,0,72071,76918,0
2258,0001,2021-02-12 21:44:33.438,2,77345,71821,0,72071,76918,0
2259,0001,2021-02-12 21:44:34.453,2,77345,71821,0,72071,76918,0
2260,0001,2021-02-12 21:44:35.468,2,77345,71821,0,72071,76918,0
2261,0001,2021-02-12 21:44:36.47,2,77345,71821,0,72071,76918,0
2262,0001,2021-02-12 21:44:37.485,2,77345,71821,0,72071,76918,0
2263,0001,2021-02-12 21:44:38.501,2,77345,71821,0,72071,76918,0
2264,0001,2021-02-12 21:44:39.516,2,77345,71821,0,72071,76918,0
2265,0001,2021-02-12 21:44:40.531,2,77345,71821,0,72071,76918,0
2266,0001,2021-02-12 21:44:41.547,2,77345,71821,1,72071,76918,1
2267,0001,2021-02-12 21:44:42.562,2,77345,71821,1,72071,76918,1
2268,0001,2021-02-12 21:44:43.578,2,77345,71821,1,72071,76918,1
2269,0001,2021-02-12 21:44:44.593,2,77345,71821,1,72071,76918,1
2270,0001,2021-02-12 21:44:45.608,2,77345,71821,1,72071,76918,1
2271,0001,2021-02-12 21:44:46.624,2,77345,71821,1,72071,76918,1
2272,0001,2021-02-12 21:44:47.639,2,77345,71821,1,72071,76918,1
2273,0001,2021-02-12 21:44:48.654,2,77345,71821,1,72071,76918,1
2274,0001,2021-02-12 21:44:49.67,2,77345,71821,1,72071,76918,1
2275,0001,2021-02-12 21:44:50.685,2,77345,71822,0,72072,76918,0
2276,0001,2021-02-12 21:44:51.687,2,77345,71822,1,72072,76918,1
2277,0001,2021-02-12 21:44:52.702,2,77345,71822,1,72072,76918,1
2278,0001,2021-02-12 21:44:53.717,2,77345,71822,1,72072,76918,1
2279,0001,2021-02-12 21:44:54.733,2,77345,71822,1,72072,76918,1
2280,0001,2021-02-12 21:44:55.748,2,77345,71822,1,72072,76918,1
2281,0001,2021-02-12 21:44:56.763,2,77345,71822,2,72072,76918,2
2282,0001,2021-02-12 21:44:57.779,2,77345,71822,2,72072,76918,2
2283,0001,2021-02-12 21:44:58.794,2,77345,71822,2,72072,76918,2
2284,0001,2021-02-12 21:44:59.81,2,77345,71822,2,72072,76918,2
2285,0001,2021-02-12 21:45:00.825,2,77345,71822,2,72072,76918,2
2286,0001,2021-02-12 21:45:01.841,2,77345,71822,2,72072,76918,2
2287,0001,2021-02-12 21:45:02.856,2,77345,71823,1,72073,76918,1
2288,0001,2021-02-12 21:45:03.871,2,77345,71823,1,72073,76918,1
2289,0001,2021-02-12 21:45:04.887,2,77345,71823,1,72073,76918,1
2290,0001,2021-02-12 21:45:05.888,2,77345,71823,1,72073,76918,1
2291,0001,2021-02-12 21:45:06.903,2,77345,71823,1,72073,76918,1
2292,0001,2021-02-12 21:45:07.919,2,77345,71823,1,72073,76918,1
2293,0001,2021-02-12 21:45:08.934,2,77345,71824,1,72074,76918,1
2294,0001,2021-02-12 21:45:09.95,2,77345,71824,1,72074,76918,1
2295,0001,2021-02-12 21:45:10.965,2,77345,71824,2,72074,76918,2
2296,0001,2021-02-12 21:45:11.98,2,77345,71824,2,72074,76918,2
2297,0001,2021-02-12 21:45:12.996,2,77345,71825,1,72075,76918,1
2298,0001,2021-02-12 21:45:14.011,2,77345,71825,1,72075,76918,1
2299,0001,2021-02-12 21:45:15.026,2,77345,71825,1,72075,76918,1
2300,0001,2021-02-12 21:45:16.042,2,77345,71825,1,72075,76918,1
2301,0001,2021-02-12 21:45:17.057,2,77345,71825,1,72075,76918,1
2302,0001,2021-02-12 21:45:18.073,2,77345,71825,1,72075,76918,1
2303,0001,2021-02-12 21:45:19.088,2,77345,71825,1,72075,76918,1
2304,0001,2021-02-12 21:45:20.103,2,77345,71826,0,72076,76918,0
2305,0001,2021-02-12 21:45:21.105,2,77345,71826,0,72076,76918,0
2306,0001,2021-02-12 21:45:22.12,2,77345,71826,0,72076,76918,0
2307,0001,2021-02-12 21:45:23.136,2,77345,71826,2,72076,76918,2
2308,0001,2021-02-12 21:45:24.151,2,77345,71826,3,72076,76918,3
2309,0001,2021-02-12 21:45:25.166,2,77345,71826,3,72076,76918,3
2310,0001,2021-02-12 21:45:26.182,2,77345,71826,3,72076,76918,3
2311,0001,2021-02-12 21:45:27.197,2,77345,71826,2,72076,76918,2
2312,0001,2021-02-12 21:45:28.212,2,77345,71826,2,72076,76918,2
2313,0001,2021-02-12 21:45:29.228,2,77345,71826,2,72076,76918,2
2314,0001,2021-02-12 21:45:30.243,2,77345,71826,2,72076,76918,2
2315,0001,2021-02-12 21:45:31.259,2,77345,71826,3,72076,76918,3
2316,0001,2021-02-12 21:45:32.274,2,77345,71826,3,72076,76918,3
2317,0001,2021-02-12 21:45:33.289,2,77345,71826,3,72076,76918,3
2318,0001,2021-02-12 21:45:34.305,2,77345,71826,3,72076,76918,3
2319,0001,2021-02-12 21:45:35.32,2,77345,71827,2,72077,76918,2
2320,0001,2021-02-12 21:45:36.321,2,77345,71828,1,72078,76918,1
2321,0001,2021-02-12 21:45:37.337,2,77345,71828,0,72078,76918,0
2322,0001,2021-02-12 21:45:38.352,2,77345,71828,0,72078,76918,0
2323,0001,2021-02-12 21:45:39.368,2,77345,71828,0,72078,76918,0
2324,0001,2021-02-12 21:45:40.383,2,77345,71828,0,72078,76918,0
2325,0001,2021-02-12 21:45:41.398,2,77345,71828,0,72078,76918,0
2326,0001,2021-02-12 21:45:43.429,2,77345,71828,0,72078,76918,0
2327,0001,2021-02-12 21:45:44.445,2,77345,71828,0,72078,76918,0
2328,0001,2021-02-12 21:45:45.46,2,77345,71828,0,72078,76918,0
2329,0001,2021-02-12 21:45:46.475,2,77345,71828,0,72078,76918,0
2330,0001,2021-02-12 21:45:47.491,2,77345,71828,0,72078,76918,0
2331,0001,2021-02-12 21:45:48.506,2,77345,71828,0,72078,76918,0
2332,0001,2021-02-12 21:45:49.522,2,77345,71828,0,72078,76918,0
2333,0001,2021-02-12 21:45:50.537,2,77345,71828,0,72078,76918,0
2334,0001,2021-02-12 21:45:51.539,2,77345,71828,0,72078,76918,0
2335,0001,2021-02-12 21:45:52.554,2,77345,71828,0,72078,76918,0
2336,0001,2021-02-12 21:45:53.569,2,77345,71828,0,72078,76918,0
2337,0001,2021-02-12 21:45:54.585,2,77345,71828,0,72078,76918,0
2338,0001,2021-02-12 21:45:55.6,2,77345,71828,0,72078,76918,0
2339,0001,2021-02-12 21:45:56.615,2,77345,71828,0,72078,76918,0
2340,0001,2021-02-12 21:45:57.631,2,77345,71828,0,72078,76918,0
2341,0001,2021-02-12 21:45:58.646,2,77345,71828,0,72078,76918,0
2342,0001,2021-02-12 21:45:59.662,2,77345,71828,0,72078,76918,0
2343,0001,2021-02-12 21:46:00.677,2,77345,71828,0,72078,76918,0
2344,0001,2021-02-12 21:46:01.692,2,77345,71828,0,72078,76918,0
2345,0001,2021-02-12 21:46:02.708,2,77345,71828,0,72078,76918,0
2346,0001,2021-02-12 21:46:03.723,2,77345,71828,0,72078,76918,0
2347,0001,2021-02-12 21:46:04.739,2,77345,71828,0,72078,76918,0
2348,0001,2021-02-12 21:46:05.754,2,77345,71828,0,72078,76918,0
2349,0001,2021-02-12 21:46:06.758,2,77345,71828,0,72078,76918,0
2350,0001,2021-02-12 21:46:07.773,2,77345,71828,0,72078,76918,0
2351,0001,2021-02-12 21:46:08.788,2,77345,71828,1,72078,76918,1
2352,0001,2021-02-12 21:46:09.804,2,77345,71828,1,72078,76918,1
2353,0001,2021-02-12 21:46:10.819,2,77345,71828,1,72078,76918,1
2354,0001,2021-02-12 21:46:11.835,2,77345,71828,1,72078,76918,1
2355,0001,2021-02-12 21:46:12.85,2,77345,71828,1,72078,76918,1
2356,0001,2021-02-12 21:46:13.865,2,77345,71828,1,72078,76918,1
2357,0001,2021-02-12 21:46:14.881,2,77345,71828,1,72078,76918,1
2358,0001,2021-02-12 21:46:15.896,2,77345,71828,1,72078,76918,1
2359,0001,2021-02-12 21:46:16.912,2,77345,71828,1,72078,76918,1
2360,0001,2021-02-12 21:46:17.927,2,77345,71828,1,72078,76918,1
2361,0001,2021-02-12 21:46:18.942,2,77345,71828,1,72078,76918,1
2362,0001,2021-02-12 21:46:19.958,2,77345,71829,0,72079,76918,0
2363,0001,2021-02-12 21:46:20.959,2,77345,71829,0,72079,76918,0
2364,0001,2021-02-12 21:46:26.036,2,77345,71829,0,72079,76918,0
2365,0001,2021-02-12 21:46:27.051,2,77345,71829,0,72079,76918,0
2366,0001,2021-02-12 21:46:28.067,2,77345,71829,0,72079,76918,0
2367,0001,2021-02-12 21:46:29.082,2,77345,71829,0,72079,76918,0
2368,0001,2021-02-12 21:46:30.098,2,77345,71829,0,72079,76918,0
2369,0001,2021-02-12 21:46:31.113,2,77345,71829,0,72079,76918,0
2370,0001,2021-02-12 21:46:32.128,2,77345,71829,0,72079,76918,0
2371,0001,2021-02-12 21:46:33.144,2,77345,71829,0,72079,76918,0
2372,0001,2021-02-12 21:46:34.159,2,77345,71829,0,72079,76918,0
2373,0001,2021-02-12 21:46:35.175,2,77345,71829,0,72079,76918,0
2374,0001,2021-02-12 21:46:36.176,2,77345,71829,0,72079,76918,0
2375,0001,2021-02-12 21:46:37.191,2,77345,71829,0,72079,76918,0
2376,0001,2021-02-12 21:46:38.206,2,77345,71829,0,72079,76918,0
2377,0001,2021-02-12 21:46:39.222,2,77345,71829,1,72079,76918,1
2378,0001,2021-02-12 21:46:40.237,2,77345,71829,1,72079,76918,1
2379,0001,2021-02-12 21:46:41.253,2,77345,71829,1,72079,76918,1
2380,0001,2021-02-12 21:46:42.268,2,77345,71829,2,72079,76918,2
2381,0001,2021-02-12 21:46:43.283,2,77345,71829,2,72079,76918,2
2382,0001,2021-02-12 21:46:44.299,2,77345,71829,2,72079,76918,2
2383,0001,2021-02-12 21:46:45.314,2,77345,71829,2,72079,76918,2
2384,0001,2021-02-12 21:46:46.33,2,77345,71829,2,72079,76918,2
2385,0001,2021-02-12 21:46:47.345,2,77345,71829,2,72079,76918,2
2386,0001,2021-02-12 21:46:48.36,2,77345,71829,2,72079,76918,2
2387,0001,2021-02-12 21:46:49.376,2,77345,71829,2,72079,76918,2
2388,0001,2021-02-12 21:46:50.391,2,77345,71829,2,72079,76918,2
2389,0001,2021-02-12 21:46:51.392,2,77345,71830,1,72080,76918,1
2390,0001,2021-02-12 21:46:52.408,2,77345,71830,1,72080,76918,1
2391,0001,2021-02-12 21:46:53.423,2,77345,71831,0,72081,76918,0
2392,0001,2021-02-12 21:46:54.439,2,77345,71831,1,72081,76918,1
2393,0001,2021-02-12 21:46:55.454,2,77345,71831,1,72081,76918,1
2394,0001,2021-02-12 21:46:56.469,2,77345,71831,1,72081,76918,1
2395,0001,2021-02-12 21:46:57.485,2,77345,71831,1,72081,76918,1
2396,0001,2021-02-12 21:46:58.5,2,77345,71831,1,72081,76918,1
2397,0001,2021-02-12 21:46:59.515,2,77345,71831,1,72081,76918,1
2398,0001,2021-02-12 21:47:00.531,2,77345,71831,1,72081,76918,1
2399,0001,2021-02-12 21:47:01.546,2,77345,71831,1,72081,76918,1
2400,0001,2021-02-12 21:47:02.562,2,77345,71831,1,72081,76918,1
2401,0001,2021-02-12 21:47:03.577,2,77345,71832,0,72082,76918,0
2402,0001,2021-02-12 21:47:04.592,2,77345,71832,0,72082,76918,0
2403,0001,2021-02-12 21:47:05.608,2,77345,71832,0,72082,76918,0
2404,0001,2021-02-12 21:47:06.609,2,77345,71832,1,72082,76918,1
2405,0001,2021-02-12 21:47:07.625,2,77345,71832,1,72082,76918,1
2406,0001,2021-02-12 21:47:08.626,2,77345,71832,1,72082,76918,1
2407,0001,2021-02-12 21:47:09.641,2,77345,71832,1,72082,76918,1
2408,0001,2021-02-12 21:47:10.643,2,77345,71832,1,72082,76918,1
2409,0001,2021-02-12 21:47:11.644,2,77345,71832,1,72082,76918,1
2410,0001,2021-02-12 21:47:12.645,2,77345,71832,1,72082,76918,1
2411,0001,2021-02-12 21:47:13.661,2,77345,71832,1,72082,76918,1
2412,0001,2021-02-12 21:47:14.676,2,77345,71832,1,72082,76918,1
2413,0001,2021-02-12 21:47:15.691,2,77345,71833,0,72083,76918,0
2414,0001,2021-02-12 21:47:16.692,2,77345,71833,0,72083,76918,0
2415,0001,2021-02-12 21:47:17.708,2,77345,71833,0,72083,76918,0
2416,0001,2021-02-12 21:47:18.723,2,77345,71833,0,72083,76918,0
2417,0001,2021-02-12 21:47:19.739,2,77345,71833,0,72083,76918,0
2418,0001,2021-02-12 21:47:20.754,2,77345,71833,0,72083,76918,0
2419,0001,2021-02-12 21:47:26.833,2,77345,71833,0,72083,76918,0
2420,0001,2021-02-12 21:47:27.848,2,77345,71833,0,72083,76918,0
2421,0001,2021-02-12 21:47:28.863,2,77345,71833,0,72083,76918,0
2422,0001,2021-02-12 21:47:29.879,2,77345,71833,1,72083,76918,1
2423,0001,2021-02-12 21:47:30.894,2,77345,71833,1,72083,76918,1
2424,0001,2021-02-12 21:47:31.91,2,77345,71833,1,72083,76918,1
2425,0001,2021-02-12 21:47:32.925,2,77345,71833,1,72083,76918,1
2426,0001,2021-02-12 21:47:33.94,2,77345,71833,1,72083,76918,1
2427,0001,2021-02-12 21:47:34.956,2,77345,71833,1,72083,76918,1
2428,0001,2021-02-12 21:47:35.957,2,77345,71834,0,72084,76918,0
2429,0001,2021-02-12 21:47:36.972,2,77345,71834,0,72084,76918,0
2430,0001,2021-02-12 21:47:37.988,2,77345,71834,0,72084,76918,0
2431,0001,2021-02-12 21:48:10.449,2,77345,71834,0,72084,76918,0
2432,0001,2021-02-12 21:48:11.465,2,77345,71834,0,72084,76918,0
2433,0001,2021-02-12 21:48:12.48,2,77345,71834,0,72084,76918,0
2434,0001,2021-02-12 21:48:13.495,2,77345,71834,0,72084,76918,0
2435,0001,2021-02-12 21:48:14.511,2,77345,71834,0,72084,76918,0
2436,0001,2021-02-12 21:48:15.526,2,77345,71834,0,72084,76918,0
2437,0001,2021-02-12 21:48:16.542,2,77345,71834,0,72084,76918,0
2438,0001,2021-02-12 21:48:17.557,2,77345,71834,0,72084,76918,0
2439,0001,2021-02-12 21:48:18.572,2,77345,71834,0,72084,76918,0
2440,0001,2021-02-12 21:48:19.588,2,77345,71834,0,72084,76918,0
2441,0001,2021-02-12 21:48:20.603,2,77345,71834,0,72084,76918,0
2442,0001,2021-02-12 21:48:21.605,2,77345,71834,0,72084,76918,0
2443,0001,2021-02-12 21:48:22.62,2,77345,71834,0,72084,76918,0
2444,0001,2021-02-12 21:48:23.635,2,77345,71834,0,72084,76918,0
2445,0001,2021-02-12 21:48:24.651,2,77345,71834,0,72084,76918,0
2446,0001,2021-02-12 21:48:25.666,2,77345,71834,0,72084,76918,0
2447,0001,2021-02-12 21:48:26.682,2,77345,71834,0,72084,76918,0
2448,0001,2021-02-12 21:48:27.697,2,77345,71834,0,72084,76918,0
2449,0001,2021-02-12 21:48:28.712,2,77345,71834,0,72084,76918,0
2450,0001,2021-02-12 21:48:29.728,2,77345,71834,0,72084,76918,0
2451,0001,2021-02-12 21:48:30.743,2,77345,71834,0,72084,76918,0
2452,0001,2021-02-12 21:48:31.758,2,77345,71834,0,72084,76918,0
2453,0001,2021-02-12 21:48:32.774,2,77345,71834,0,72084,76918,0
2454,0001,2021-02-12 21:48:33.789,2,77345,71834,0,72084,76918,0
2455,0001,2021-02-12 21:48:34.805,2,77345,71834,0,72084,76918,0
2456,0001,2021-02-12 21:48:36.822,2,77345,71834,0,72084,76918,0
2457,0001,2021-02-12 21:48:37.837,2,77345,71834,0,72084,76918,0
2458,0001,2021-02-12 21:48:38.852,2,77345,71834,0,72084,76918,0
2459,0001,2021-02-12 21:48:39.868,2,77345,71834,0,72084,76918,0
2460,0001,2021-02-12 21:48:40.883,2,77345,71834,0,72084,76918,0
2461,0001,2021-02-12 21:48:41.898,2,77345,71834,0,72084,76918,0
2462,0001,2021-02-12 21:48:42.914,2,77345,71834,0,72084,76918,0
2463,0001,2021-02-12 21:48:43.929,2,77345,71834,0,72084,76918,0
2464,0001,2021-02-12 21:48:44.945,2,77345,71834,0,72084,76918,0
2465,0001,2021-02-12 21:48:45.96,2,77345,71834,0,72084,76918,0
2466,0001,2021-02-12 21:48:46.975,2,77345,71834,0,72084,76918,0
2467,0001,2021-02-12 21:48:47.991,2,77345,71834,0,72084,76918,0
2468,0001,2021-02-12 21:48:49.006,2,77345,71834,0,72084,76918,0
2469,0001,2021-02-12 21:48:50.022,2,77345,71834,0,72084,76918,0
2470,0001,2021-02-12 21:48:51.023,2,77345,71834,0,72084,76918,0
2471,0001,2021-02-12 21:48:52.038,2,77345,71834,0,72084,76918,0
2472,0001,2021-02-12 21:48:53.053,2,77345,71834,0,72084,76918,0
2473,0001,2021-02-12 21:48:54.069,2,77345,71834,0,72084,76918,0
2474,0001,2021-02-12 21:48:55.084,2,77345,71834,0,72084,76918,0
2475,0001,2021-02-12 21:48:56.1,2,77345,71834,0,72084,76918,0
2476,0001,2021-02-12 21:48:57.115,2,77345,71834,0,72084,76918,0
2477,0001,2021-02-12 21:48:58.131,2,77345,71834,0,72084,76918,0
2478,0001,2021-02-12 21:49:05.238,2,77345,71834,0,72084,76918,0
2479,0001,2021-02-12 21:49:06.24,2,77345,71834,0,72084,76918,0
2480,0001,2021-02-12 21:49:07.255,2,77345,71834,0,72084,76918,0
2481,0001,2021-02-12 21:49:08.27,2,77345,71834,0,72084,76918,0
2482,0001,2021-02-12 21:49:09.285,2,77345,71834,0,72084,76918,0
2483,0001,2021-02-12 21:49:10.301,2,77345,71834,0,72084,76918,0
2484,0001,2021-02-12 21:49:11.317,2,77345,71834,0,72084,76918,0
2485,0001,2021-02-12 21:49:12.332,2,77345,71834,0,72084,76918,0
2486,0001,2021-02-12 21:49:13.347,2,77345,71834,1,72084,76918,1
2487,0001,2021-02-12 21:49:14.363,2,77345,71834,1,72084,76918,1
2488,0001,2021-02-12 21:49:15.378,2,77345,71834,1,72084,76918,1
2489,0001,2021-02-12 21:49:16.393,2,77345,71834,1,72084,76918,1
2490,0001,2021-02-12 21:49:17.409,2,77345,71834,1,72084,76918,1
2491,0001,2021-02-12 21:49:18.424,2,77345,71834,1,72084,76918,1
2492,0001,2021-02-12 21:49:19.44,2,77345,71834,1,72084,76918,1
2493,0001,2021-02-12 21:49:20.455,2,77345,71834,1,72084,76918,1
2494,0001,2021-02-12 21:49:21.456,2,77345,71834,1,72084,76918,1
2495,0001,2021-02-12 21:49:22.472,2,77345,71834,1,72084,76918,1
2496,0001,2021-02-12 21:49:23.487,2,77345,71834,1,72084,76918,1
2497,0001,2021-02-12 21:49:24.503,2,77345,71835,0,72085,76918,0
2498,0001,2021-02-12 21:49:25.518,2,77345,71835,0,72085,76918,0
2499,0001,2021-02-12 21:49:26.533,2,77345,71835,0,72085,76918,0
2500,0001,2021-02-12 21:49:27.549,2,77345,71835,0,72085,76918,0
2501,0001,2021-02-12 21:49:28.564,2,77345,71835,0,72085,76918,0
2502,0001,2021-02-12 21:49:29.58,2,77345,71835,0,72085,76918,0
2503,0001,2021-02-12 21:49:30.595,2,77345,71835,0,72085,76918,0
2504,0001,2021-02-12 21:49:31.61,2,77345,71835,0,72085,76918,0
2505,0001,2021-02-12 21:49:32.626,2,77345,71835,0,72085,76918,0
2506,0001,2021-02-12 21:49:33.641,2,77345,71835,0,72085,76918,0
2507,0001,2021-02-12 21:49:34.657,2,77345,71835,0,72085,76918,0
2508,0001,2021-02-12 21:49:35.672,2,77345,71835,0,72085,76918,0
2509,0001,2021-02-12 21:49:36.673,2,77345,71835,0,72085,76918,0
2510,0001,2021-02-12 21:49:37.689,2,77345,71835,0,72085,76918,0
2511,0001,2021-02-12 21:49:38.704,2,77345,71835,0,72085,76918,0
2512,0001,2021-02-12 21:49:39.719,2,77345,71835,0,72085,76918,0
2513,0001,2021-02-12 21:49:40.735,2,77345,71835,0,72085,76918,0
2514,0001,2021-02-12 21:49:41.75,2,77345,71835,0,72085,76918,0
2515,0001,2021-02-12 21:49:42.766,2,77345,71835,0,72085,76918,0
2516,0001,2021-02-12 21:49:43.781,2,77345,71835,0,72085,76918,0
2517,0001,2021-02-12 21:49:44.797,2,77345,71835,1,72085,76918,1
2518,0001,2021-02-12 21:49:45.812,2,77345,71835,1,72085,76918,1
2519,0001,2021-02-12 21:49:46.827,2,77345,71835,1,72085,76918,1
2520,0001,2021-02-12 21:49:47.843,2,77345,71835,1,72085,76918,1
2521,0001,2021-02-12 21:49:48.858,2,77345,71835,1,72085,76918,1
2522,0001,2021-02-12 21:49:49.873,2,77345,71835,1,72085,76918,1
2523,0001,2021-02-12 21:49:50.874,2,77345,71835,1,72085,76918,1
2524,0001,2021-02-12 21:49:51.89,2,77345,71835,1,72085,76918,1
2525,0001,2021-02-12 21:49:52.905,2,77345,71835,1,72085,76918,1
2526,0001,2021-02-12 21:49:53.921,2,77345,71835,1,72085,76918,1
2527,0001,2021-02-12 21:49:54.936,2,77345,71836,0,72086,76918,0
2528,0001,2021-02-12 21:49:55.951,2,77345,71836,0,72086,76918,0
2529,0001,2021-02-12 21:49:56.967,2,77345,71836,0,72086,76918,0
2530,0001,2021-02-12 21:49:57.982,2,77345,71836,0,72086,76918,0
2531,0001,2021-02-12 21:49:58.998,2,77345,71836,0,72086,76918,0
2532,0001,2021-02-12 21:50:22.323,2,77345,71836,0,72086,76918,0
2533,0001,2021-02-12 21:50:23.339,2,77345,71836,0,72086,76918,0
2534,0001,2021-02-12 21:50:24.354,2,77345,71836,0,72086,76918,0
2535,0001,2021-02-12 21:50:25.369,2,77345,71836,0,72086,76918,0
2536,0001,2021-02-12 21:50:26.385,2,77345,71836,0,72086,76918,0
2537,0001,2021-02-12 21:50:27.4,2,77345,71836,0,72086,76918,0
2538,0001,2021-02-12 21:50:28.415,2,77345,71836,0,72086,76918,0
2539,0001,2021-02-12 21:50:29.431,2,77345,71836,0,72086,76918,0
2540,0001,2021-02-12 21:50:30.446,2,77345,71836,0,72086,76918,0
2541,0001,2021-02-12 21:50:31.462,2,77345,71836,0,72086,76918,0
2542,0001,2021-02-12 21:50:32.477,2,77345,71836,0,72086,76918,0
2543,0001,2021-02-12 21:50:33.493,2,77345,71836,0,72086,76918,0
2544,0001,2021-02-12 21:50:34.508,2,77345,71836,0,72086,76918,0
2545,0001,2021-02-12 21:50:35.523,2,77345,71836,0,72086,76918,0
2546,0001,2021-02-12 21:50:36.526,2,77345,71836,0,72086,76918,0
2547,0001,2021-02-12 21:50:37.541,2,77345,71836,0,72086,76918,0
2548,0001,2021-02-12 21:50:38.557,2,77345,71836,0,72086,76918,0
2549,0001,2021-02-12 21:50:39.572,2,77345,71836,0,72086,76918,0
2550,0001,2021-02-12 21:50:40.587,2,77345,71836,0,72086,76918,0
2551,0001,2021-02-12 21:50:41.603,2,77345,71836,0,72086,76918,0
2552,0001,2021-02-12 21:50:42.618,2,77345,71836,0,72086,76918,0
2553,0001,2021-02-12 21:50:43.634,2,77345,71836,0,72086,76918,0
2554,0001,2021-02-12 21:50:44.649,2,77345,71836,0,72086,76918,0
2555,0001,2021-02-12 21:50:45.664,2,77345,71836,0,72086,76918,0
2556,0001,2021-02-12 21:50:46.68,2,77345,71836,0,72086,76918,0
2557,0001,2021-02-12 21:50:47.695,2,77345,71836,1,72086,76918,1
2558,0001,2021-02-12 21:50:48.711,2,77345,71836,1,72086,76918,1
2559,0001,2021-02-12 21:50:49.726,2,77345,71836,1,72086,76918,1
2560,0001,2021-02-12 21:50:50.741,2,77345,71836,1,72086,76918,1
2561,0001,2021-02-12 21:50:51.743,2,77345,71836,1,72086,76918,1
2562,0001,2021-02-12 21:50:52.758,2,77345,71836,1,72086,76918,1
2563,0001,2021-02-12 21:50:53.774,2,77345,71836,1,72086,76918,1
2564,0001,2021-02-12 21:50:54.789,2,77345,71836,1,72086,76918,1
2565,0001,2021-02-12 21:50:55.804,2,77345,71836,1,72086,76918,1
2566,0001,2021-02-12 21:50:56.82,2,77345,71836,1,72086,76918,1
2567,0001,2021-02-12 21:50:57.835,2,77345,71836,1,72086,76918,1
2568,0001,2021-02-12 21:50:58.85,2,77345,71836,1,72086,76918,1
2569,0001,2021-02-12 21:50:59.866,2,77345,71836,1,72086,76918,1
2570,0001,2021-02-12 21:51:00.881,2,77345,71836,1,72086,76918,1
2571,0001,2021-02-12 21:51:01.897,2,77345,71837,0,72087,76918,0
2572,0001,2021-02-12 21:51:02.912,2,77345,71837,0,72087,76918,0
2573,0001,2021-02-12 21:51:03.927,2,77345,71837,0,72087,76918,0
2574,0001,2021-02-12 21:51:04.943,2,77345,71837,0,72087,76918,0
2575,0001,2021-02-12 21:51:05.944,2,77345,71837,0,72087,76918,0
2576,0001,2021-02-12 21:51:06.959,2,77345,71837,0,72087,76918,0
2577,0001,2021-02-12 21:51:07.975,2,77345,71837,0,72087,76918,0
2578,0001,2021-02-12 21:51:17.113,2,77345,71837,0,72087,76918,0
2579,0001,2021-02-12 21:51:18.129,2,77345,71837,0,72087,76918,0
2580,0001,2021-02-12 21:51:19.144,2,77345,71837,0,72087,76918,0
2581,0001,2021-02-12 21:51:20.16,2,77345,71837,0,72087,76918,0
2582,0001,2021-02-12 21:51:21.161,2,77345,71837,0,72087,76918,0
2583,0001,2021-02-12 21:51:22.176,2,77345,71837,0,72087,76918,0
2584,0001,2021-02-12 21:51:23.192,2,77345,71837,0,72087,76918,0
2585,0001,2021-02-12 21:51:24.207,2,77345,71837,0,72087,76918,0
2586,0001,2021-02-12 21:51:25.222,2,77345,71837,1,72087,76918,1
2587,0001,2021-02-12 21:51:26.238,2,77345,71837,1,72087,76918,1
2588,0001,2021-02-12 21:51:27.253,2,77345,71837,1,72087,76918,1
2589,0001,2021-02-12 21:51:28.269,2,77345,71837,1,72087,76918,1
2590,0001,2021-02-12 21:51:29.284,2,77345,71837,1,72087,76918,1
2591,0001,2021-02-12 21:51:30.299,2,77345,71837,1,72087,76918,1
2592,0001,2021-02-12 21:51:31.315,2,77345,71837,1,72087,76918,1
2593,0001,2021-02-12 21:51:32.33,2,77345,71837,1,72087,76918,1
2594,0001,2021-02-12 21:51:33.345,2,77345,71837,1,72087,76918,1
2595,0001,2021-02-12 21:51:34.361,2,77345,71838,0,72088,76918,0
2596,0001,2021-02-12 21:51:35.376,2,77345,71838,0,72088,76918,0
2597,0001,2021-02-12 21:51:36.377,2,77345,71838,0,72088,76918,0
2598,0001,2021-02-12 21:51:37.393,2,77345,71838,0,72088,76918,0
2599,0001,2021-02-12 21:51:38.408,2,77345,71838,0,72088,76918,0
2600,0001,2021-02-12 21:51:39.424,2,77345,71838,0,72088,76918,0
2601,0001,2021-02-12 21:51:40.439,2,77345,71838,0,72088,76918,0
2602,0001,2021-02-12 21:51:41.454,2,77345,71838,0,72088,76918,0
2603,0001,2021-02-12 21:51:42.47,2,77345,71838,0,72088,76918,0
2604,0001,2021-02-12 21:51:43.485,2,77345,71838,0,72088,76918,0
2605,0001,2021-02-12 21:51:44.5,2,77345,71838,0,72088,76918,0
2606,0001,2021-02-12 21:51:45.516,2,77345,71838,0,72088,76918,0
2607,0001,2021-02-12 21:51:46.531,2,77345,71838,0,72088,76918,0
2608,0001,2021-02-12 21:51:47.547,2,77345,71838,0,72088,76918,0
2609,0001,2021-02-12 21:51:48.562,2,77345,71838,0,72088,76918,0
2610,0001,2021-02-12 21:51:49.577,2,77345,71838,0,72088,76918,0
2611,0001,2021-02-12 21:51:50.593,2,77345,71838,0,72088,76918,0
2612,0001,2021-02-12 21:51:51.594,2,77345,71838,0,72088,76918,0
2613,0001,2021-02-12 21:51:52.609,2,77345,71838,0,72088,76918,0
2614,0001,2021-02-12 21:51:53.625,2,77345,71838,0,72088,76918,0
2615,0001,2021-02-12 21:51:54.64,2,77345,71838,1,72088,76918,1
2616,0001,2021-02-12 21:51:55.656,2,77345,71838,1,72088,76918,1
2617,0001,2021-02-12 21:51:56.671,2,77345,71838,1,72088,76918,1
2618,0001,2021-02-12 21:51:57.686,2,77345,71838,1,72088,76918,1
2619,0001,2021-02-12 21:51:58.702,2,77345,71838,2,72088,76918,2
2620,0001,2021-02-12 21:51:59.717,2,77345,71838,2,72088,76918,2
2621,0001,2021-02-12 21:52:00.732,2,77345,71838,2,72088,76918,2
2622,0001,2021-02-12 21:52:01.748,2,77345,71838,2,72088,76918,2
2623,0001,2021-02-12 21:52:02.763,2,77345,71838,2,72088,76918,2
2624,0001,2021-02-12 21:52:03.778,2,77345,71838,2,72088,76918,2
2625,0001,2021-02-12 21:52:04.794,2,77345,71838,2,72088,76918,2
2626,0001,2021-02-12 21:52:05.809,2,77346,71838,1,72088,76919,1
2627,0001,2021-02-12 21:52:06.811,2,77346,71838,1,72088,76919,1
2628,0001,2021-02-12 21:52:07.826,2,77346,71838,0,72089,76919,0
2629,0001,2021-02-12 21:52:08.841,2,77346,71838,0,72089,76919,0
2630,0001,2021-02-12 21:52:09.857,2,77346,71839,0,72089,76919,0
2631,0001,2021-02-12 21:52:10.872,2,77346,71839,0,72089,76919,0
2632,0001,2021-02-12 21:52:11.888,2,77346,71839,0,72089,76919,0
2633,0001,2021-02-12 21:52:12.903,2,77346,71839,0,72089,76919,0
2634,0001,2021-02-12 21:52:13.918,2,77346,71839,0,72089,76919,0
2635,0001,2021-02-12 21:52:14.934,2,77346,71839,0,72089,76919,0
2636,0001,2021-02-12 21:52:15.949,2,77346,71839,0,72089,76919,0
2637,0001,2021-02-12 21:52:16.965,2,77346,71839,0,72089,76919,0
2638,0001,2021-02-12 21:52:17.98,2,77346,71839,0,72089,76919,0
2639,0001,2021-02-12 21:52:18.995,2,77346,71839,0,72089,76919,0
2640,0001,2021-02-12 21:52:20.011,2,77346,71839,0,72089,76919,0
2641,0001,2021-02-12 21:52:21.012,2,77346,71839,0,72089,76919,0
2642,0001,2021-02-12 21:52:22.027,2,77346,71839,1,72089,76919,1
2643,0001,2021-02-12 21:52:23.043,2,77346,71839,2,72089,76919,2
2644,0001,2021-02-12 21:52:24.058,2,77346,71839,2,72089,76919,2
2645,0001,2021-02-12 21:52:25.074,2,77346,71839,2,72089,76919,2
2646,0001,2021-02-12 21:52:26.089,2,77346,71839,3,72089,76919,3
2647,0001,2021-02-12 21:52:27.104,2,77346,71839,3,72089,76919,3
2648,0001,2021-02-12 21:52:28.12,2,77346,71839,3,72089,76919,3
2649,0001,2021-02-12 21:52:29.135,2,77346,71839,3,72089,76919,3
2650,0001,2021-02-12 21:52:30.151,2,77346,71839,3,72089,76919,3
2651,0001,2021-02-12 21:52:31.166,2,77346,71839,3,72089,76919,3
2652,0001,2021-02-12 21:52:32.181,2,77346,71839,3,72089,76919,3
2653,0001,2021-02-12 21:52:33.197,2,77346,71840,2,72090,76919,2
2654,0001,2021-02-12 21:52:34.212,2,77346,71841,1,72091,76919,1
2655,0001,2021-02-12 21:52:35.228,2,77346,71841,1,72091,76919,1
2656,0001,2021-02-12 21:52:36.229,2,77346,71842,0,72092,76919,0
2657,0001,2021-02-12 21:52:37.244,2,77346,71842,0,72092,76919,0
2658,0001,2021-02-12 21:52:38.26,2,77346,71842,0,72092,76919,0
2659,0001,2021-02-12 21:52:39.275,2,77346,71842,0,72092,76919,0
2660,0001,2021-02-12 21:52:40.29,2,77346,71842,0,72092,76919,0
2661,0001,2021-02-12 21:52:41.306,2,77346,71842,0,72092,76919,0
2662,0001,2021-02-12 21:52:42.321,2,77346,71842,0,72092,76919,0
2663,0001,2021-02-12 21:52:43.337,2,77346,71842,0,72092,76919,0
2664,0001,2021-02-12 21:52:44.352,2,77346,71842,0,72092,76919,0
2665,0001,2021-02-12 21:52:45.367,2,77346,71842,0,72092,76919,0
2666,0001,2021-02-12 21:52:46.383,2,77346,71842,0,72092,76919,0
2667,0001,2021-02-12 21:52:47.398,2,77346,71842,1,72092,76919,1
2668,0001,2021-02-12 21:52:48.413,2,77346,71842,1,72092,76919,1
2669,0001,2021-02-12 21:52:49.429,2,77346,71842,1,72092,76919,1
2670,0001,2021-02-12 21:52:50.444,2,77346,71842,1,72092,76919,1
2671,0001,2021-02-12 21:52:51.445,2,77346,71842,1,72092,76919,1
2672,0001,2021-02-12 21:52:52.46,2,77346,71842,1,72092,76919,1
2673,0001,2021-02-12 21:52:53.475,2,77346,71842,1,72092,76919,1
2674,0001,2021-02-12 21:52:54.491,2,77346,71842,1,72092,76919,1
2675,0001,2021-02-12 21:52:55.507,2,77346,71842,1,72092,76919,1
2676,0001,2021-02-12 21:52:56.522,2,77346,71842,1,72092,76919,1
2677,0001,2021-02-12 21:52:57.537,2,77346,71842,1,72092,76919,1
2678,0001,2021-02-12 21:52:58.553,2,77346,71842,1,72092,76919,1
2679,0001,2021-02-12 21:52:59.568,2,77346,71842,1,72092,76919,1
2680,0001,2021-02-12 21:53:00.583,2,77346,71842,2,72092,76919,2
2681,0001,2021-02-12 21:53:01.599,2,77346,71843,1,72093,76919,1
2682,0001,2021-02-12 21:53:02.614,2,77346,71843,1,72093,76919,1
2683,0001,2021-02-12 21:53:03.63,2,77346,71843,1,72093,76919,1
2684,0001,2021-02-12 21:53:04.645,2,77346,71843,1,72093,76919,1
2685,0001,2021-02-12 21:53:05.66,2,77346,71843,1,72093,76919,1
2686,0001,2021-02-12 21:53:06.661,2,77346,71843,1,72093,76919,1
2687,0001,2021-02-12 21:53:07.677,2,77346,71843,1,72093,76919,1
2688,0001,2021-02-12 21:53:08.692,2,77346,71843,1,72093,76919,1
2689,0001,2021-02-12 21:53:09.708,2,77346,71843,1,72093,76919,1
2690,0001,2021-02-12 21:53:10.723,2,77346,71844,1,72094,76919,1
2691,0001,2021-02-12 21:53:11.739,2,77346,71844,1,72094,76919,1
2692,0001,2021-02-12 21:53:12.754,2,77346,71844,1,72094,76919,1
2693,0001,2021-02-12 21:53:13.769,2,77346,71844,1,72094,76919,1
2694,0001,2021-02-12 21:53:14.785,2,77346,71844,1,72094,76919,1
2695,0001,2021-02-12 21:53:15.8,2,77346,71844,1,72094,76919,1
2696,0001,2021-02-12 21:53:16.815,2,77346,71844,1,72094,76919,1
2697,0001,2021-02-12 21:53:17.831,2,77346,71844,1,72094,76919,1
2698,0001,2021-02-12 21:53:18.846,2,77346,71844,1,72094,76919,1
2699,0001,2021-02-12 21:53:19.862,2,77346,71845,0,72095,76919,0
2700,0001,2021-02-12 21:53:20.879,2,77346,71845,0,72095,76919,0
2701,0001,2021-02-12 21:53:21.894,2,77346,71845,0,72095,76919,0
2702,0001,2021-02-12 21:53:22.909,2,77346,71845,0,72095,76919,0
2703,0001,2021-02-12 21:53:23.925,2,77346,71845,0,72095,76919,0
2704,0001,2021-02-12 21:53:24.94,2,77346,71845,0,72095,76919,0
2705,0001,2021-02-12 21:53:25.955,2,77346,71845,0,72095,76919,0
2706,0001,2021-02-12 21:53:26.971,2,77346,71845,0,72095,76919,0
2707,0001,2021-02-12 21:53:27.986,2,77346,71845,0,72095,76919,0
2708,0001,2021-02-12 21:53:29.002,2,77346,71845,0,72095,76919,0
2709,0001,2021-02-12 21:53:30.017,2,77346,71845,0,72095,76919,0
2710,0001,2021-02-12 21:53:31.032,2,77346,71845,0,72095,76919,0
2711,0001,2021-02-12 21:53:32.048,2,77346,71845,0,72095,76919,0
2712,0001,2021-02-12 21:53:33.063,2,77346,71845,0,72095,76919,0
2713,0001,2021-02-12 21:53:34.079,2,77346,71845,0,72095,76919,0
2714,0001,2021-02-12 21:53:35.094,2,77346,71845,0,72095,76919,0
2715,0001,2021-02-12 21:53:36.095,2,77346,71845,1,72095,76919,1
2716,0001,2021-02-12 21:53:37.111,2,77346,71845,1,72095,76919,1
2717,0001,2021-02-12 21:53:38.126,2,77346,71845,1,72095,76919,1
2718,0001,2021-02-12 21:53:39.141,2,77346,71845,1,72095,76919,1
2719,0001,2021-02-12 21:53:40.157,2,77346,71845,1,72095,76919,1
2720,0001,2021-02-12 21:53:41.172,2,77346,71845,1,72095,76919,1
2721,0001,2021-02-12 21:53:42.188,2,77346,71845,1,72095,76919,1
2722,0001,2021-02-12 21:53:43.203,2,77346,71845,1,72095,76919,1
2723,0001,2021-02-12 21:53:44.218,2,77346,71845,2,72095,76919,2
2724,0001,2021-02-12 21:53:45.234,2,77346,71845,3,72095,76919,3
2725,0001,2021-02-12 21:53:46.249,2,77346,71845,4,72095,76919,4
2726,0001,2021-02-12 21:53:47.264,2,77346,71846,2,72096,76919,2
2727,0001,2021-02-12 21:53:48.28,2,77346,71846,2,72096,76919,2
2728,0001,2021-02-12 21:53:49.295,2,77346,71846,2,72096,76919,2
2729,0001,2021-02-12 21:53:50.311,2,77346,71846,2,72096,76919,2
2730,0001,2021-02-12 21:53:51.312,2,77346,71846,2,72096,76919,2
2731,0001,2021-02-12 21:53:52.327,2,77346,71846,2,72096,76919,2
2732,0001,2021-02-12 21:53:53.343,2,77346,71846,3,72096,76919,3
2733,0001,2021-02-12 21:53:54.358,2,77346,71848,1,72098,76919,1
2734,0001,2021-02-12 21:53:55.374,2,77346,71848,0,72098,76919,0
2735,0001,2021-02-12 21:53:56.389,2,77346,71848,0,72098,76919,0
2736,0001,2021-02-12 21:53:57.404,2,77346,71848,0,72098,76919,0
2737,0001,2021-02-12 21:53:58.42,2,77346,71848,0,72098,76919,0
2738,0001,2021-02-12 21:53:59.435,2,77346,71848,0,72098,76919,0
2739,0001,2021-02-12 21:54:00.45,2,77346,71848,0,72098,76919,0
2740,0001,2021-02-12 21:54:23.776,2,77346,71848,0,72098,76919,0
2741,0001,2021-02-12 21:54:24.792,2,77346,71848,0,72098,76919,0
2742,0001,2021-02-12 21:54:25.807,2,77346,71848,0,72098,76919,0
2743,0001,2021-02-12 21:54:26.822,2,77346,71848,0,72098,76919,0
2744,0001,2021-02-12 21:54:27.838,2,77346,71848,0,72098,76919,0
2745,0001,2021-02-12 21:54:28.853,2,77346,71848,0,72098,76919,0
2746,0001,2021-02-12 21:54:29.869,2,77346,71848,0,72098,76919,0
2747,0001,2021-02-12 21:54:30.884,2,77346,71848,0,72098,76919,0
2748,0001,2021-02-12 21:54:31.899,2,77346,71848,0,72098,76919,0
2749,0001,2021-02-12 21:54:32.915,2,77346,71848,0,72098,76919,0
2750,0001,2021-02-12 21:54:33.93,2,77346,71848,0,72098,76919,0
2751,0001,2021-02-12 21:54:34.946,2,77346,71848,1,72098,76919,1
2752,0001,2021-02-12 21:54:35.947,2,77346,71848,1,72098,76919,1
2753,0001,2021-02-12 21:54:36.962,2,77346,71848,1,72098,76919,1
2754,0001,2021-02-12 21:54:37.978,2,77346,71848,1,72098,76919,1
2755,0001,2021-02-12 21:54:38.993,2,77346,71848,1,72098,76919,1
2756,0001,2021-02-12 21:54:40.008,2,77346,71848,1,72098,76919,1
2757,0001,2021-02-12 21:54:41.024,2,77346,71848,1,72098,76919,1
2758,0001,2021-02-12 21:54:42.039,2,77346,71848,1,72098,76919,1
2759,0001,2021-02-12 21:54:43.055,2,77346,71848,1,72098,76919,1
2760,0001,2021-02-12 21:54:44.07,2,77346,71849,0,72099,76919,0
2761,0001,2021-02-12 21:54:45.085,2,77346,71849,0,72099,76919,0
2762,0001,2021-02-12 21:54:46.101,2,77346,71849,0,72099,76919,0
2763,0001,2021-02-12 21:54:47.116,2,77346,71849,0,72099,76919,0
2764,0001,2021-02-12 21:54:48.131,2,77346,71849,0,72099,76919,0
2765,0001,2021-02-12 21:54:56.24,2,77346,71849,0,72099,76919,0
2766,0001,2021-02-12 21:54:57.256,2,77346,71849,0,72099,76919,0
2767,0001,2021-02-12 21:54:58.271,2,77346,71849,0,72099,76919,0
2768,0001,2021-02-12 21:54:59.287,2,77346,71849,0,72099,76919,0
2769,0001,2021-02-12 21:55:00.302,2,77346,71849,0,72099,76919,0
2770,0001,2021-02-12 21:55:01.317,2,77346,71849,0,72099,76919,0
2771,0001,2021-02-12 21:55:02.333,2,77346,71849,0,72099,76919,0
2772,0001,2021-02-12 21:55:03.348,2,77346,71849,0,72099,76919,0
2773,0001,2021-02-12 21:55:04.363,2,77346,71849,0,72099,76919,0
2774,0001,2021-02-12 21:55:05.379,2,77346,71849,0,72099,76919,0
2775,0001,2021-02-12 21:55:06.38,2,77346,71849,0,72099,76919,0
2776,0001,2021-02-12 21:55:07.395,2,77346,71849,0,72099,76919,0
2777,0001,2021-02-12 21:55:08.41,2,77346,71849,0,72099,76919,0
2778,0001,2021-02-12 21:55:09.426,2,77346,71849,0,72099,76919,0
2779,0001,2021-02-12 21:55:10.441,2,77346,71849,0,72099,76919,0
2780,0001,2021-02-12 21:55:11.456,2,77346,71849,0,72099,76919,0
2781,0001,2021-02-12 21:55:12.472,2,77346,71849,0,72099,76919,0
2782,0001,2021-02-12 21:55:39.859,2,77346,71849,0,72099,76919,0
2783,0001,2021-02-12 21:55:40.874,2,77346,71849,0,72099,76919,0
2784,0001,2021-02-12 21:55:41.89,2,77346,71849,0,72099,76919,0
2785,0001,2021-02-12 21:55:42.905,2,77346,71849,0,72099,76919,0
2786,0001,2021-02-12 21:55:43.921,2,77346,71849,0,72099,76919,0
2787,0001,2021-02-12 21:55:44.936,2,77346,71849,0,72099,76919,0
2788,0001,2021-02-12 21:55:45.951,2,77346,71849,0,72099,76919,0
2789,0001,2021-02-12 21:55:46.967,2,77346,71849,0,72099,76919,0
2790,0001,2021-02-12 21:55:47.982,2,77346,71849,0,72099,76919,0
2791,0001,2021-02-12 21:55:48.998,2,77346,71849,0,72099,76919,0
2792,0001,2021-02-12 21:55:50.013,2,77346,71849,0,72099,76919,0
2793,0001,2021-02-12 21:55:51.014,2,77346,71849,0,72099,76919,0
2794,0001,2021-02-12 21:55:52.03,2,77346,71849,0,72099,76919,0
2795,0001,2021-02-12 21:55:53.045,2,77346,71849,1,72099,76919,1
2796,0001,2021-02-12 21:55:54.061,2,77346,71849,1,72099,76919,1
2797,0001,2021-02-12 21:55:55.076,2,77346,71849,1,72099,76919,1
2798,0001,2021-02-12 21:55:56.091,2,77346,71849,1,72099,76919,1
2799,0001,2021-02-12 21:55:57.107,2,77346,71849,1,72099,76919,1
2800,0001,2021-02-12 21:55:58.122,2,77346,71849,1,72099,76919,1
2801,0001,2021-02-12 21:55:59.138,2,77346,71849,1,72099,76919,1
2802,0001,2021-02-12 21:56:00.153,2,77346,71849,1,72099,76919,1
2803,0001,2021-02-12 21:56:01.168,2,77346,71849,1,72099,76919,1
2804,0001,2021-02-12 21:56:02.184,2,77346,71849,1,72099,76919,1
2805,0001,2021-02-12 21:56:03.199,2,77346,71849,1,72099,76919,1
2806,0001,2021-02-12 21:56:04.214,2,77346,71850,0,72100,76919,0
2807,0001,2021-02-12 21:56:05.23,2,77346,71850,0,72100,76919,0
2808,0001,2021-02-12 21:56:06.231,2,77346,71850,0,72100,76919,0
2809,0001,2021-02-12 21:56:07.246,2,77346,71850,0,72100,76919,0
2810,0001,2021-02-12 21:56:08.262,2,77346,71850,0,72100,76919,0
2811,0001,2021-02-12 21:56:09.277,2,77346,71850,0,72100,76919,0
2812,0001,2021-02-12 21:56:10.292,2,77346,71850,1,72100,76919,1
2813,0001,2021-02-12 21:56:11.308,2,77346,71850,1,72100,76919,1
2814,0001,2021-02-12 21:56:12.323,2,77346,71850,1,72100,76919,1
2815,0001,2021-02-12 21:56:13.339,2,77346,71850,1,72100,76919,1
2816,0001,2021-02-12 21:56:14.354,2,77346,71850,1,72100,76919,1
2817,0001,2021-02-12 21:56:15.369,2,77346,71850,1,72100,76919,1
2818,0001,2021-02-12 21:56:16.385,2,77346,71850,1,72100,76919,1
2819,0001,2021-02-12 21:56:17.4,2,77346,71850,1,72100,76919,1
2820,0001,2021-02-12 21:56:18.416,2,77346,71850,1,72100,76919,1
2821,0001,2021-02-12 21:56:19.431,2,77346,71850,1,72100,76919,1
2822,0001,2021-02-12 21:56:20.446,2,77346,71850,1,72100,76919,1
2823,0001,2021-02-12 21:56:21.448,2,77346,71850,1,72100,76919,1
2824,0001,2021-02-12 21:56:22.463,2,77346,71850,1,72100,76919,1
2825,0001,2021-02-12 21:56:23.479,2,77346,71850,1,72100,76919,1
2826,0001,2021-02-12 21:56:24.494,2,77346,71851,0,72101,76919,0
2827,0001,2021-02-12 21:56:25.509,2,77346,71851,0,72101,76919,0
2828,0001,2021-02-12 21:56:26.525,2,77346,71851,0,72101,76919,0
2829,0001,2021-02-12 21:56:27.54,2,77346,71851,0,72101,76919,0
2830,0001,2021-02-12 21:56:28.556,2,77346,71851,0,72101,76919,0
2831,0001,2021-02-12 21:56:34.648,2,77346,71851,0,72101,76919,0
2832,0001,2021-02-12 21:56:35.663,2,77346,71851,0,72101,76919,0
2833,0001,2021-02-12 21:56:36.664,2,77346,71851,0,72101,76919,0
2834,0001,2021-02-12 21:56:37.68,2,77346,71851,0,72101,76919,0
2835,0001,2021-02-12 21:56:38.695,2,77346,71851,0,72101,76919,0
2836,0001,2021-02-12 21:56:39.711,2,77346,71851,0,72101,76919,0
2837,0001,2021-02-12 21:56:40.726,2,77346,71851,0,72101,76919,0
2838,0001,2021-02-12 21:56:41.741,2,77346,71851,0,72101,76919,0
2839,0001,2021-02-12 21:56:42.757,2,77346,71851,0,72101,76919,0
2840,0001,2021-02-12 21:56:43.772,2,77346,71851,0,72101,76919,0
2841,0001,2021-02-12 21:56:44.788,2,77346,71851,1,72101,76919,1
2842,0001,2021-02-12 21:56:45.803,2,77346,71851,1,72101,76919,1
2843,0001,2021-02-12 21:56:46.818,2,77346,71851,1,72101,76919,1
2844,0001,2021-02-12 21:56:47.834,2,77346,71851,1,72101,76919,1
2845,0001,2021-02-12 21:56:48.849,2,77346,71851,1,72101,76919,1
2846,0001,2021-02-12 21:56:49.864,2,77346,71851,1,72101,76919,1
2847,0001,2021-02-12 21:56:50.881,2,77346,71851,1,72101,76919,1
2848,0001,2021-02-12 21:56:51.897,2,77346,71851,2,72101,76919,2
2849,0001,2021-02-12 21:56:52.912,2,77346,71851,2,72101,76919,2
2850,0001,2021-02-12 21:56:53.928,2,77346,71851,3,72101,76919,3
2851,0001,2021-02-12 21:56:54.943,2,77346,71852,2,72102,76919,2
2852,0001,2021-02-12 21:56:55.958,2,77346,71852,2,72102,76919,2
2853,0001,2021-02-12 21:56:56.974,2,77346,71852,2,72102,76919,2
2854,0001,2021-02-12 21:56:57.989,2,77346,71852,2,72102,76919,2
2855,0001,2021-02-12 21:56:59.005,2,77346,71852,2,72102,76919,2
2856,0001,2021-02-12 21:57:00.02,2,77346,71852,2,72102,76919,2
2857,0001,2021-02-12 21:57:01.035,2,77346,71852,2,72102,76919,2
2858,0001,2021-02-12 21:57:02.051,2,77346,71852,2,72102,76919,2
2859,0001,2021-02-12 21:57:03.066,2,77346,71853,1,72103,76919,1
2860,0001,2021-02-12 21:57:04.081,2,77346,71853,1,72103,76919,1
2861,0001,2021-02-12 21:57:05.097,2,77346,71854,0,72104,76919,0
2862,0001,2021-02-12 21:57:06.104,2,77346,71854,0,72104,76919,0
2863,0001,2021-02-12 21:57:07.119,2,77346,71854,0,72104,76919,0
2864,0001,2021-02-12 21:57:08.123,2,77346,71854,0,72104,76919,0
2865,0001,2021-02-12 21:57:09.139,2,77346,71854,0,72104,76919,0
2866,0001,2021-02-12 21:57:10.14,2,77346,71854,0,72104,76919,0
2867,0001,2021-02-12 21:57:11.153,2,77346,71854,0,72104,76919,0
2868,0001,2021-02-12 21:57:12.154,2,77346,71854,0,72104,76919,0
2869,0001,2021-02-12 21:57:13.17,2,77346,71854,0,72104,76919,0
2870,0001,2021-02-12 21:57:14.185,2,77346,71854,0,72104,76919,0
2871,0001,2021-02-12 21:57:15.201,2,77346,71854,0,72104,76919,0
2872,0001,2021-02-12 21:57:38.513,2,77346,71854,0,72104,76919,0
2873,0001,2021-02-12 21:57:39.528,2,77346,71854,0,72104,76919,0
2874,0001,2021-02-12 21:57:40.543,2,77346,71854,0,72104,76919,0
2875,0001,2021-02-12 21:57:41.559,2,77346,71854,0,72104,76919,0
2876,0001,2021-02-12 21:57:42.574,2,77346,71854,0,72104,76919,0
2877,0001,2021-02-12 21:57:43.59,2,77346,71854,0,72104,76919,0
2878,0001,2021-02-12 21:57:44.605,2,77346,71854,0,72104,76919,0
2879,0001,2021-02-12 21:57:45.62,2,77346,71854,0,72104,76919,0
2880,0001,2021-02-12 21:57:46.636,2,77346,71854,0,72104,76919,0
2881,0001,2021-02-12 21:57:47.651,2,77346,71854,0,72104,76919,0
2882,0001,2021-02-12 21:57:48.666,2,77346,71854,0,72104,76919,0
2883,0001,2021-02-12 21:57:49.682,2,77346,71854,0,72104,76919,0
2884,0001,2021-02-12 21:57:50.697,2,77346,71854,1,72104,76919,1
2885,0001,2021-02-12 21:57:51.699,2,77346,71854,1,72104,76919,1
2886,0001,2021-02-12 21:57:52.714,2,77346,71854,1,72104,76919,1
2887,0001,2021-02-12 21:57:53.73,2,77346,71854,1,72104,76919,1
2888,0001,2021-02-12 21:57:54.745,2,77346,71854,1,72104,76919,1
2889,0001,2021-02-12 21:57:55.76,2,77346,71854,1,72104,76919,1
2890,0001,2021-02-12 21:57:56.776,2,77346,71854,1,72104,76919,1
2891,0001,2021-02-12 21:57:57.787,2,77346,71854,1,72104,76919,1
2892,0001,2021-02-12 21:57:58.802,2,77346,71854,1,72104,76919,1
2893,0001,2021-02-12 21:57:59.818,2,77346,71854,1,72104,76919,1
2894,0001,2021-02-12 21:58:00.833,2,77346,71854,1,72104,76919,1
2895,0001,2021-02-12 21:58:01.849,2,77346,71855,0,72105,76919,0
2896,0001,2021-02-12 21:58:02.864,2,77346,71855,0,72105,76919,0
2897,0001,2021-02-12 21:58:03.879,2,77346,71855,0,72105,76919,0
2898,0001,2021-02-12 21:58:04.895,2,77346,71855,0,72105,76919,0
2899,0001,2021-02-12 21:58:05.896,2,77346,71855,0,72105,76919,0
2900,0001,2021-02-12 21:58:06.911,2,77346,71855,0,72105,76919,0
2901,0001,2021-02-12 21:58:07.927,2,77346,71855,0,72105,76919,0
2902,0001,2021-02-12 21:58:08.942,2,77346,71855,0,72105,76919,0
2903,0001,2021-02-12 21:58:09.957,2,77346,71855,0,72105,76919,0
2904,0001,2021-02-12 21:58:10.973,2,77346,71855,0,72105,76919,0
2905,0001,2021-02-12 21:58:11.988,2,77346,71855,0,72105,76919,0
2906,0001,2021-02-12 21:58:13.004,2,77346,71855,0,72105,76919,0
2907,0001,2021-02-12 21:58:14.019,2,77346,71855,0,72105,76919,0
2908,0001,2021-02-12 21:58:15.034,2,77346,71855,0,72105,76919,0
2909,0001,2021-02-12 21:58:16.05,2,77346,71855,1,72105,76919,1
2910,0001,2021-02-12 21:58:17.065,2,77346,71855,1,72105,76919,1
2911,0001,2021-02-12 21:58:18.081,2,77346,71855,1,72105,76919,1
2912,0001,2021-02-12 21:58:19.096,2,77346,71855,1,72105,76919,1
2913,0001,2021-02-12 21:58:20.111,2,77346,71855,1,72105,76919,1
2914,0001,2021-02-12 21:58:21.113,2,77346,71855,1,72105,76919,1
2915,0001,2021-02-12 21:58:22.128,2,77346,71855,1,72105,76919,1
2916,0001,2021-02-12 21:58:23.143,2,77346,71855,1,72105,76919,1
2917,0001,2021-02-12 21:58:24.159,2,77346,71855,1,72105,76919,1
2918,0001,2021-02-12 21:58:25.174,2,77346,71855,1,72105,76919,1
2919,0001,2021-02-12 21:58:26.19,2,77346,71855,1,72105,76919,1
2920,0001,2021-02-12 21:58:27.205,2,77346,71856,0,72106,76919,0
2921,0001,2021-02-12 21:58:28.22,2,77346,71856,0,72106,76919,0
2922,0001,2021-02-12 21:58:29.236,2,77346,71856,0,72106,76919,0
2923,0001,2021-02-12 21:58:30.251,2,77346,71856,0,72106,76919,0
2924,0001,2021-02-12 21:58:31.267,2,77346,71856,0,72106,76919,0
2925,0001,2021-02-12 21:58:32.282,2,77346,71856,0,72106,76919,0
2926,0001,2021-02-12 21:58:33.297,2,77346,71856,0,72106,76919,0
2927,0001,2021-02-12 21:58:34.313,2,77346,71856,0,72106,76919,0
2928,0001,2021-02-12 21:58:35.328,2,77346,71856,0,72106,76919,0
2929,0001,2021-02-12 21:58:36.33,2,77346,71856,0,72106,76919,0
2930,0001,2021-02-12 21:59:16.917,2,77346,71856,0,72106,76919,0
2931,0001,2021-02-12 21:59:17.932,2,77346,71856,0,72106,76919,0
2932,0001,2021-02-12 21:59:18.948,2,77346,71856,0,72106,76919,0
2933,0001,2021-02-12 21:59:19.963,2,77346,71856,0,72106,76919,0
2934,0001,2021-02-12 21:59:20.978,2,77346,71856,0,72106,76919,0
2935,0001,2021-02-12 21:59:21.994,2,77346,71856,0,72106,76919,0
2936,0001,2021-02-12 21:59:23.009,2,77346,71856,0,72106,76919,0
2937,0001,2021-02-12 21:59:24.024,2,77346,71856,0,72106,76919,0
2938,0001,2021-02-12 21:59:25.04,2,77346,71856,0,72106,76919,0
2939,0001,2021-02-12 21:59:26.055,2,77346,71856,0,72106,76919,0
2940,0001,2021-02-12 21:59:27.071,2,77346,71856,0,72106,76919,0
2941,0001,2021-02-12 21:59:28.086,2,77346,71856,0,72106,76919,0
2942,0001,2021-02-12 21:59:29.101,2,77346,71856,0,72106,76919,0
2943,0001,2021-02-12 21:59:30.117,2,77346,71856,0,72106,76919,0
2944,0001,2021-02-12 21:59:31.132,2,77346,71856,0,72106,76919,0
2945,0001,2021-02-12 21:59:32.148,2,77346,71856,0,72106,76919,0
2946,0001,2021-02-12 21:59:33.163,2,77346,71856,0,72106,76919,0
2947,0001,2021-02-12 21:59:34.178,2,77346,71856,0,72106,76919,0
2948,0001,2021-02-12 21:59:35.194,2,77346,71856,0,72106,76919,0
2949,0001,2021-02-12 21:59:36.195,2,77346,71856,0,72106,76919,0
2950,0001,2021-02-12 21:59:37.211,2,77346,71856,0,72106,76919,0
2951,0001,2021-02-12 21:59:38.226,2,77346,71856,0,72106,76919,0
2952,0001,2021-02-12 21:59:39.241,2,77346,71856,0,72106,76919,0
2953,0001,2021-02-12 21:59:40.257,2,77346,71856,0,72106,76919,0
2954,0001,2021-02-12 21:59:41.272,2,77346,71856,0,72106,76919,0
2955,0001,2021-02-12 21:59:42.288,2,77346,71856,0,72106,76919,0
2956,0001,2021-02-12 21:59:43.303,2,77346,71856,0,72106,76919,0
2957,0001,2021-02-12 21:59:44.318,2,77346,71856,0,72106,76919,0
2958,0001,2021-02-12 21:59:45.334,2,77346,71856,0,72106,76919,0
2959,0001,2021-02-12 21:59:46.349,2,77346,71856,0,72106,76919,0
2960,0001,2021-02-12 21:59:47.365,2,77346,71856,0,72106,76919,0
2961,0001,2021-02-12 21:59:48.38,2,77346,71856,0,72106,76919,0
2962,0001,2021-02-12 21:59:49.395,2,77346,71856,0,72106,76919,0
2963,0001,2021-02-12 21:59:50.411,2,77346,71856,0,72106,76919,0
2964,0001,2021-02-12 21:59:51.412,2,77346,71856,0,72106,76919,0
2965,0001,2021-02-12 21:59:52.427,2,77346,71856,0,72106,76919,0
2966,0001,2021-02-12 21:59:53.443,2,77346,71856,0,72106,76919,0
2967,0001,2021-02-12 21:59:54.458,2,77346,71856,0,72106,76919,0
2968,0001,2021-02-12 21:59:55.474,2,77346,71856,0,72106,76919,0
2969,0001,2021-02-12 21:59:56.489,2,77346,71856,0,72106,76919,0
2970,0001,2021-02-12 21:59:57.504,2,77346,71856,0,72106,76919,0
2971,0001,2021-02-12 21:59:58.52,2,77346,71856,0,72106,76919,0
2972,0001,2021-02-12 21:59:59.535,2,77346,71856,0,72106,76919,0
